  0.0000000000000000E+00
  0.1381966011250105E+04
  0.3618033988749895E+04
  0.5000000000000000E+04
  0.6381966011250105E+04
  0.8618033988749896E+04
  0.1000000000000000E+05
  0.1138196601125010E+05
  0.1361803398874990E+05
  0.1500000000000000E+05
  0.1638196601125010E+05
  0.1861803398874990E+05
  0.2000000000000000E+05
  0.2138196601125010E+05
  0.2361803398874990E+05
  0.2500000000000000E+05
  0.2638196601125010E+05
  0.2861803398874990E+05
  0.3000000000000000E+05
  0.3138196601125010E+05
  0.3361803398874989E+05
  0.3500000000000000E+05
  0.3638196601125011E+05
  0.3861803398874989E+05
  0.4000000000000000E+05
  0.4138196601125011E+05
  0.4361803398874989E+05
  0.4500000000000000E+05
  0.4638196601125011E+05
  0.4861803398874989E+05
  0.5000000000000000E+05
  0.5138196601125011E+05
  0.5361803398874989E+05
  0.5500000000000000E+05
  0.5638196601125011E+05
  0.5861803398874989E+05
  0.6000000000000000E+05
  0.6138196601125011E+05
  0.6361803398874989E+05
  0.6500000000000000E+05
  0.6638196601125010E+05
  0.6861803398874990E+05
  0.7000000000000000E+05
  0.7138196601125010E+05
  0.7361803398874990E+05
  0.7500000000000000E+05
  0.7638196601125010E+05
  0.7861803398874990E+05
  0.8000000000000000E+05
  0.8138196601125010E+05
  0.8361803398874990E+05
  0.8500000000000000E+05
  0.8638196601125010E+05
  0.8861803398874990E+05
  0.9000000000000000E+05
  0.9138196601125010E+05
  0.9361803398874990E+05
  0.9500000000000000E+05
  0.9638196601125010E+05
  0.9861803398874990E+05
  0.1000000000000000E+06
  0.1013819660112501E+06
  0.1036180339887499E+06
  0.1050000000000000E+06
  0.1063819660112501E+06
  0.1086180339887499E+06
  0.1100000000000000E+06
  0.1113819660112501E+06
  0.1136180339887499E+06
  0.1150000000000000E+06
  0.1163819660112501E+06
  0.1186180339887499E+06
  0.1200000000000000E+06
  0.1213819660112501E+06
  0.1236180339887499E+06
  0.1250000000000000E+06
  0.1263819660112501E+06
  0.1286180339887499E+06
  0.1300000000000000E+06
  0.1313819660112501E+06
  0.1336180339887499E+06
  0.1350000000000000E+06
  0.1363819660112501E+06
  0.1386180339887499E+06
  0.1400000000000000E+06
  0.1413819660112501E+06
  0.1436180339887499E+06
  0.1450000000000000E+06
  0.1463819660112501E+06
  0.1486180339887499E+06
  0.1500000000000000E+06
  0.1513819660112501E+06
  0.1536180339887499E+06
  0.1550000000000000E+06
  0.1563819660112501E+06
  0.1586180339887499E+06
  0.1600000000000000E+06
