  0.0000000000000000E+00
  0.1727457514062631E+03
  0.4522542485937369E+03
  0.6250000000000000E+03
  0.7977457514062631E+03
  0.1077254248593737E+04
  0.1250000000000000E+04
  0.1422745751406263E+04
  0.1702254248593737E+04
  0.1875000000000000E+04
  0.2047745751406263E+04
  0.2327254248593737E+04
  0.2500000000000000E+04
  0.2672745751406263E+04
  0.2952254248593737E+04
  0.3125000000000000E+04
  0.3297745751406263E+04
  0.3577254248593737E+04
  0.3750000000000000E+04
  0.3922745751406263E+04
  0.4202254248593737E+04
  0.4375000000000000E+04
  0.4547745751406263E+04
  0.4827254248593737E+04
  0.5000000000000000E+04
  0.5172745751406263E+04
  0.5452254248593737E+04
  0.5625000000000000E+04
  0.5797745751406263E+04
  0.6077254248593737E+04
  0.6250000000000000E+04
  0.6422745751406263E+04
  0.6702254248593737E+04
  0.6875000000000000E+04
  0.7047745751406263E+04
  0.7327254248593737E+04
  0.7500000000000000E+04
  0.7672745751406263E+04
  0.7952254248593737E+04
  0.8125000000000000E+04
  0.8297745751406263E+04
  0.8577254248593737E+04
  0.8750000000000000E+04
  0.8922745751406263E+04
  0.9202254248593737E+04
  0.9375000000000000E+04
  0.9547745751406263E+04
  0.9827254248593737E+04
  0.1000000000000000E+05
