0.368328
0.295680
0.450419
0.378119
0.381517
0.310174
0.518009
0.335450
0.542133
0.397649
0.400895
0.404091
0.276302
0.410229
0.413273
0.213198
0.419360
0.422556
0.425650
0.296782
0.431686
0.434679
0.367894
0.510357
0.443912
0.314051
0.248272
0.452890
0.455934
0.459028
0.260867
0.397533
0.266940
0.538054
0.742070
0.276375
0.479674
0.413584
0.619949
0.418497
0.421063
0.224054
0.361973
0.428541
0.367401
0.370256
0.373061
0.239996
0.305144
0.517466
0.582143
0.448325
0.601129
0.528829
0.394801
0.534206
0.399750
0.462325
0.542068
0.485167
0.547242
0.490689
0.414591
0.358567
0.557489
0.364089
0.366611
0.702996
0.371481
0.373901
0.237888
0.435484
0.519959
0.661190
0.636623
0.388322
0.335363
0.587672
0.311529
0.313536
0.539974
0.542597
0.405598
0.601622
0.410627
0.519632
0.468637
0.418251
0.140499
0.335407
0.477964
0.620644
0.482464
0.625362
0.487044
0.489233
0.440759
0.392822
0.536496
0.306963
0.359031
0.594484
0.504661
0.316587
0.460673
0.321667
0.514096
0.564330
0.471311
0.426650
0.334428
0.479239
0.481892
0.530720
0.532923
0.489457
0.492080
0.397214
0.354545
0.499907
0.502429
0.406113
0.364509
0.223981
0.513023
0.372292
0.331979
0.377322
0.523517
0.526299
0.570678
0.387786
0.390329
0.433723
0.498827
0.398040
0.544808
0.218930
0.365908
0.407910
0.699402
0.518806
0.560257
0.524546
0.527285
0.675002
0.532916
0.535698
0.430288
0.541155
0.507371
0.328174
0.330341
0.442238
0.590070
0.667864
0.594940
0.597317
0.419729
0.422302
0.424773
0.573157
0.642312
0.790326
0.792457
0.615825
0.471804
0.587962
0.508059
0.478377
0.595679
0.451926
0.485356
0.341117
0.490059
0.639116
0.641508
0.643899
0.646160
0.501436
0.650436
0.534300
0.389192
0.509915
0.484066
0.486370
0.461289
0.518415
0.400359
0.522850
0.377698
0.648399
0.503414
0.358516
0.361038
0.363495
0.513480
0.368278
0.518350
0.544952
0.547199
0.673553
0.675857
0.530292
0.532597
0.557699
0.389387
0.414019
0.564120
0.862496
0.695054
0.570599
0.403569
0.554206
0.387771
0.558902
0.412859
0.434976
0.546293
0.419816
0.719055
0.591723
0.631014
0.298753
0.282687
0.582316
0.584679
0.586940
0.589136
0.591404
0.296057
0.298057
0.448941
0.583759
0.586041
0.439484
0.472659
0.623500
0.625463
0.612629
0.451282
0.467833
0.618912
0.783789
0.636348
0.461905
0.463833
0.465731
0.467775
0.644348
0.645870
0.622855
0.499878
0.501617
0.503443
0.516676
0.506835
0.497334
0.499255
0.650522
0.641986
0.654291
0.506690
0.817066
0.659523
0.521502
0.364386
0.515596
0.657856
0.519038
0.371430
0.381626
0.666045
0.684039
0.685676
0.836835
0.681575
0.533901
0.834951
0.687263
0.396460
0.397953
0.704800
0.849763
0.552170
0.697670
0.549605
0.551235
0.552895
0.559446
0.561011
0.408323
0.563881
0.710728
0.562663
0.560547
0.712025
0.717323
0.572490
0.570751
0.575331
0.571258
0.573026
0.574722
0.728388
0.430563
0.731613
0.585302
0.585317
0.436092
0.439085
0.591447
0.443441
0.445122
0.446767
0.597933
0.300238
0.452035
0.453695
0.604607
0.607231
0.459412
0.461238
0.760890
0.611195
0.467130
0.469152
0.620681
0.625202
0.624565
0.626558
0.475601
0.630572
0.785942
0.638406
0.632087
0.488631
0.490544
0.646986
0.649059
0.651131
0.647798
0.655465
0.807247
0.510212
0.505871
0.806689
0.509154
0.667422
0.662204
0.663835
0.657943
0.816530
0.511299
0.528952
0.514531
0.665654
0.526415
0.668639
0.679104
0.540510
0.691742
0.534459
0.526133
0.676785
0.528756
0.669262
0.691394
0.543590
0.705351
0.557772
0.559613
0.262903
0.413975
0.392264
0.554699
0.717468
0.706924
0.708460
0.735034
0.711279
0.563482
0.428817
0.741838
0.567765
0.718359
0.733439
0.707250
0.722526
0.574961
0.562084
0.726954
0.579331
0.580744
0.582201
0.583701
0.585266
0.571265
0.572591
0.557931
0.410178
0.560113
0.577664
0.430165
0.728932
0.730033
0.416664
0.583614
0.602245
0.455043
0.736208
0.588781
0.608071
0.573229
0.741338
0.464065
0.632819
0.763962
0.746266
0.747512
0.729345
0.433491
0.325500
0.643558
0.476710
0.458006
0.756093
0.757368
0.482703
0.463282
0.591831
0.508299
0.658124
0.659581
0.491167
0.662443
0.685799
0.539235
0.392801
0.497711
0.521589
0.523053
0.547387
0.526068
0.823414
0.824748
0.382452
0.555257
0.556728
0.682089
0.363749
0.708554
0.562004
0.563330
0.540170
0.689133
0.542706
0.691539
0.742643
0.841430
0.669835
0.523321
0.722845
0.871453
0.725069
0.726142
0.553909
0.702445
0.677422
0.704489
0.531771
0.559084
0.854880
0.681857
0.709525
0.536264
0.684357
0.537872
0.418635
0.512386
0.687640
0.541300
0.542155
0.395888
0.516096
0.544713
0.664784
0.518531
0.575606
0.814095
0.577563
0.550090
0.816327
0.523183
0.552663
0.553417
0.378394
0.555054
0.731874
0.556663
0.557468
0.734483
0.529589
0.706619
0.530865
0.678256
0.532111
0.856003
0.709902
0.710467
0.417664
0.388003
0.712033
0.682336
0.713250
0.713859
0.537300
0.684365
0.538285
0.654610
0.539329
0.539822
0.717728
0.571736
0.718642
0.750295
0.542141
0.720294
0.396699
0.428498
0.282535
0.659334
0.691329
0.723359
0.431099
0.546213
0.400257
0.547011
0.725664
0.579925
0.580418
0.548822
0.434984
0.467565
0.582186
0.582679
0.697075
0.551228
0.584128
0.763375
0.731425
0.553185
0.732316
0.521111
0.554141
0.441223
0.701018
0.555301
0.555678
0.556054
0.735577
0.736099
0.557460
0.557895
0.591694
0.884069
0.851082
0.593223
0.706040
0.852329
0.740490
0.853053
0.707569
0.707953
0.708395
0.596897
0.417599
0.743664
0.598411
0.744708
0.599462
0.565693
0.600397
0.712177
0.601267
0.601709
0.602151
0.567954
0.568287
0.603216
0.749252
0.714881
0.604281
0.604593
0.459217
0.570272
0.570533
0.570780
0.605977
0.641232
0.606354
0.641464
0.717040
0.787116
0.571519
0.425990
0.606694
0.426056
0.571591
0.787210
0.571548
0.606542
0.390822
0.425744
0.606310
0.571229
0.571244
0.425519
0.640913
0.605767
0.640435
0.750947
0.570171
0.604767
0.424048
0.458586
0.603999
0.423309
0.714446
0.388221
0.457188
0.568040
0.567867
0.567620
0.421758
0.601709
0.566968
0.566707
0.780978
0.454760
0.420150
0.711424
0.676879
0.822385
0.564678
0.530285
0.418157
0.305818
0.305297
0.742404
0.416091
0.707503
0.560968
0.593868
0.705713
0.704945
0.737490
0.736708
0.702858
0.555866
0.408830
0.586737
0.553141
0.730968
0.583831
0.696728
0.727859
0.548518
0.662045
0.693082
0.692336
0.806377
0.429215
0.574635
0.542547
0.541778
0.749534
0.748607
0.570236
0.538619
0.653921
0.653305
0.566874
0.535764
0.534995
0.680893
0.710206
0.532778
0.678828
0.678118
0.853836
0.706250
0.382474
0.381844
0.528010
0.527227
0.702467
0.554714
0.671857
0.553105
0.699293
0.698488
0.522241
0.815516
0.667965
0.548713
0.519864
0.666262
0.399533
0.370807
0.572939
0.544293
0.543503
0.487486
0.541764
0.393706
0.807428
0.364973
0.511531
0.685053
0.710953
0.562591
0.708931
0.533843
0.653733
0.679075
0.556562
0.407801
0.554243
0.553127
0.551851
0.601752
0.427222
0.721026
0.572106
0.570794
0.717018
0.542952
0.541474
0.564606
0.538807
0.661074
0.831690
0.682372
0.680915
0.655878
0.678096
0.700083
0.550532
0.696749
0.672263
0.568185
0.692003
0.668089
0.540829
0.390996
0.515473
0.640334
0.490798
0.510719
0.657284
0.655631
0.505675
0.631681
0.630377
0.608608
0.479355
0.457862
0.585027
0.623615
0.622246
0.640305
0.432208
0.598687
0.597339
0.485080
0.613354
0.760419
0.758839
0.757295
0.607071
0.439165
0.735280
0.882671
0.749672
0.731048
0.564069
0.596136
0.594440
0.741556
0.574845
0.737940
0.571519
0.734265
0.717250
0.581440
0.579505
0.563076
0.561439
0.737005
0.721185
0.570178
0.419121
0.728758
0.428179
0.562547
0.697307
0.707858
0.556591
0.566403
0.713453
0.860583
0.548612
0.535677
0.544525
0.542547
0.530300
0.687988
0.835437
0.683995
0.532481
0.380923
0.378880
0.385467
0.532604
0.821211
0.677451
0.667364
0.522995
0.363806
0.667755
0.366046
0.363451
0.510509
0.657639
0.499827
0.652697
0.644972
0.647609
0.490653
0.787674
0.631594
0.479783
0.477602
0.475457
0.476326
0.324196
0.623739
0.618811
0.466587
0.613854
0.461565
0.607651
0.606941
0.604028
0.600730
0.597955
0.595281
0.592542
0.739585
0.736708
0.585679
0.433389
0.428650
0.575483
0.572613
0.416729
0.566613
0.413823
0.556141
0.552779
0.708844
0.561787
0.404258
0.545264
0.536053
0.539249
0.685843
0.526111
0.522792
0.826233
0.524220
0.670676
0.509400
0.506125
0.512386
0.509429
0.506501
0.503545
0.500653
0.497668
0.483341
0.480022
0.637957
0.634942
0.632029
0.629116
0.476971
0.609412
0.470935
0.616992
0.330515
0.610963
0.592563
0.455622
0.617130
0.465326
0.759948
0.739860
0.736381
0.453122
0.711163
0.577084
0.313985
0.421258
0.288803
0.562576
0.727613
0.427730
0.551772
0.548090
0.374481
0.540865
0.707829
0.385641
0.530024
0.550040
0.546873
0.519393
0.393003
0.389960
0.656617
0.505639
0.380771
0.377756
0.522002
0.518930
0.515879
0.512828
0.481696
0.625529
0.504219
0.619224
0.645479
0.466268
0.316572
0.460072
0.457043
0.515806
0.806102
0.510907
0.508451
0.473848
0.211242
0.176110
0.286274
0.608332
0.605448
0.602549
0.565287
0.562178
0.559134
0.555982
0.371901
0.513850
0.401156
0.579693
0.576708
0.573693
0.533459
0.385445
0.420382
0.417534
0.559431
0.412026
0.592831
0.590223
0.403562
0.360560
0.501545
0.250881
0.495327
0.677466
0.530836
0.384380
0.339682
0.522662
0.477370
0.373843
0.514458
0.468087
0.464826
0.604680
0.547271
0.732258
0.684915
0.448999
0.536865
0.534271
0.485645
0.482819
0.337740
0.572352
0.521451
0.565635
0.468456
0.465529
0.652602
0.508146
0.364031
0.453427
0.358785
0.497255
0.585317
0.582230
0.489204
0.627340
0.676031
0.570193
0.619123
0.423744
0.420874
0.558091
0.415251
0.659124
0.270136
0.321449
0.458804
0.735519
0.454369
0.397221
0.588839
0.447318
0.528466
0.525952
0.384684
0.325950
0.574787
0.434042
0.708743
0.568193
0.508748
0.506400
0.642000
0.501501
0.695191
0.496755
0.611753
0.413193
0.607564
0.211988
0.269324
0.541815
0.402497
0.400453
0.611738
0.532988
0.469884
0.392069
0.451412
0.524466
0.323942
0.321363
0.517212
0.639848
0.313696
0.311029
0.235837
0.504581
0.565751
0.499508
0.426019
0.494436
0.691568
0.354350
0.486624
0.753382
0.616159
0.344682
0.608861
0.607977
0.471355
0.669697
0.667378
0.463949
0.393830
0.325595
0.323377
0.321305
0.387626
0.317014
0.314848
0.445383
0.575751
0.440716
0.640566
0.303637
0.169276
0.228967
0.429353
0.427172
0.353900
0.494001
0.360451
0.418345
0.488051
0.486073
0.484000
0.350929
0.479812
0.608405
0.475667
0.400337
0.398004
0.525988
0.467427
0.391308
0.259251
0.461572
0.459586
0.512277
0.530720
0.248852
0.505349
0.298289
0.242844
0.316884
0.443861
0.494023
0.363154
0.309492
0.436013
0.511328
0.354683
0.480703
0.222844
0.220930
0.346719
0.501255
0.548489
0.340429
0.162848
0.542518
0.461333
0.332363
0.410055
0.408294
0.453303
0.531488
0.323080
0.321254
0.319428
0.317551
0.522517
0.394786
0.474246
0.472652
0.596542
0.513125
0.429433
0.427288
0.382278
0.173095
0.420845
0.376756
0.374814
0.372916
0.371017
0.369068
0.159355
0.449180
0.447622
0.485732
0.483848
0.313058
0.564692
0.601571
0.391235
0.474138
0.348972
0.469848
0.467717
0.551532
0.463673
0.461630
0.459586
0.335385
0.333472
0.540336
0.451412
0.414954
0.568548
0.444890
0.321587
0.528742
0.438803
0.195183
0.314232
0.642276
0.431049
0.308732
0.306876
0.545242
0.512451
0.300883
0.508386
0.386829
0.385047
0.321689
0.381416
0.526937
0.496602
0.494537
0.401149
0.307405
0.278274
0.367894
0.391757
0.271425
0.176733
0.291999
0.382423
0.262824
0.260628
0.468840
0.139398
0.253954
0.368147
0.249330
0.341443
0.433947
0.337342
0.451021
0.374053
0.351146
0.348596
0.441781
0.554250
0.436955
0.338160
0.546634
0.333102
0.541677
0.425288
0.423012
0.323058
0.109367
0.415983
0.413577
0.312681
0.295876
0.406055
0.502545
0.189574
0.286296
0.184175
0.392909
0.278868
0.387510
0.284346
0.281564
0.269172
0.478341
0.273360
0.270636
0.267809
0.366973
0.364321
0.150087
0.359147
0.465391
0.462543
0.459731
0.353603
0.557968
0.347864
0.344929
0.338740
0.336197
0.229025
0.331073
0.328493
0.325819
0.428599
0.426505
0.317754
0.209524
0.313398
0.309992
0.307297
0.411555
0.409265
0.404301
0.404772
0.506581
0.292303
0.393395
0.498784
0.599462
0.390424
0.387873
0.378930
0.485087
0.372843
0.377438
0.374771
0.160522
0.250207
0.256258
0.354168
0.260650
0.247352
0.444549
0.352799
0.349842
0.446194
0.119208
0.326942
0.534561
0.221213
0.233025
0.425664
0.535959
0.435621
0.432744
0.104512
0.408910
0.405627
0.191422
0.092533
0.204988
0.371466
0.483616
0.174907
0.193893
0.168457
0.188436
0.372575
0.369321
0.366067
0.270244
0.174921
0.054097
0.261316
0.468543
0.465717
0.252968
0.341074
0.338102
0.335066
0.122535
0.119658
0.326305
0.443412
0.351444
0.228300
0.225489
0.222619
0.340965
0.338392
0.544873
0.507907
0.417823
0.206299
0.203517
0.200676
0.075286
0.194994
0.486138
0.312551
0.394975
0.184037
0.304920
0.262766
0.175834
0.173051
0.294484
0.250439
0.371952
0.286412
0.491131
0.155804
0.027595
0.231800
0.147572
0.144847
0.268222
0.265657
0.263092
0.134006
0.384583
0.207923
0.204691
0.280491
0.404417
0.116759
0.192088
0.239163
0.314275
0.183284
0.103309
0.305927
0.174544
0.224133
0.297796
0.295122
0.292405
0.085047
0.287057
0.414149
0.356538
0.279317
0.202589
0.200241
0.197973
0.195647
0.062756
0.264121
0.130905
0.390344
0.125970
0.254729
0.324319
0.250185
0.247968
0.042872
0.172530
0.241272
0.239054
0.104795
0.172617
0.302383
0.432382
0.360466
0.288926
0.287013
0.422758
0.218771
0.083359
0.146050
0.410678
0.141999
0.072358
0.070438
0.269418
0.133397
0.331812
0.263012
0.258997
0.258751
0.322377
0.185422
0.183008
0.180508
0.248214
0.175508
0.308152
0.170334
0.032190
0.164921
0.297992
0.232460
0.428838
0.216677
0.151463
0.347161
0.084518
0.280194
0.414410
0.336320
0.272824
0.209850
0.070547
0.128245
0.322739
0.201111
0.042538
0.314811
0.391061
0.251026
0.110788
0.188414
0.128622
0.046459
0.378445
0.376539
0.179313
0.177602
0.175994
0.035690
0.311348
0.170979
0.364118
0.223467
0.555315
0.275505
0.302449
0.216814
0.160312
0.128890
0.351320
0.404192
0.208727
0.152993
0.344922
0.149949
0.255504
0.200393
0.198842
0.231155
0.335689
0.054024
0.104932
0.190915
0.329631
0.276085
0.326638
0.517415
0.272194
0.322500
0.231837
0.370959
0.318435
0.508719
0.124165
0.122962
0.363517
0.120382
0.310297
0.258881
0.257664
0.306094
0.354292
0.303391
0.302028
0.017805
0.059865
0.390627
0.106367
0.153710
0.484080
0.341023
0.149797
0.432085
0.099338
0.098062
0.096845
0.237627
0.141753
0.282564
0.328327
0.042582
0.183284
0.135187
0.229605
0.178733
0.130919
0.083352
0.082033
0.314645
0.124825
0.077873
0.121658
0.075032
0.261338
0.402801
0.401562
-0.028545
0.157254
0.111476
0.352074
0.394648
0.250033
0.205009
0.246917
0.202111
0.057292
0.199328
0.097120
0.239221
0.094207
0.092700
0.234931
0.191552
0.232047
0.272157
0.085221
0.330102
0.081794
0.224213
0.181914
0.180544
0.075496
0.114165
0.360799
0.319377
0.213452
0.107179
0.210568
0.169877
0.313116
0.350886
0.310681
0.203488
0.057452
0.162355
0.054539
0.266367
0.158333
0.119332
0.300651
0.154493
0.480544
0.152152
0.333211
0.078902
0.186016
0.148405
0.220756
0.328385
0.509038
0.326493
0.144101
0.215329
0.323558
0.322645
0.212133
0.285114
0.319841
0.464347
0.463528
0.281984
0.171037
0.170305
0.315080
0.314362
0.313645
0.132709
0.312406
0.311753
0.165471
0.310514
0.164276
0.489515
0.308949
0.308362
0.162152
0.161544
0.160870
0.126201
0.271375
0.158855
0.158254
0.123991
0.157188
0.302492
0.122622
0.155645
0.155174
0.121303
0.154232
0.412265
0.119926
0.378227
0.444151
0.330812
0.184240
0.329580
0.182827
0.262505
0.294666
0.115302
0.260824
0.260244
0.259606
0.145311
0.112454
0.030349
0.079243
0.257055
0.174392
0.109686
-0.005152
0.254794
0.107889
0.253461
0.221220
0.220662
0.283056
0.251026
0.104005
0.281100
0.165196
0.133441
0.310304
0.309724
0.131716
0.246736
0.423411
0.306971
0.098476
0.244417
0.127759
-0.049944
-0.050611
0.125622
0.124875
0.270730
0.270012
0.152456
0.268512
0.121006
0.207625
0.236591
0.235837
0.264469
0.116744
0.233402
0.261599
0.113657
0.259577
0.258664
0.257686
0.256707
0.402801
0.226445
0.134926
0.105802
0.132723
-0.015493
0.249859
0.101664
0.367365
0.219256
0.245685
0.097599
0.216879
0.243076
0.242098
0.241120
0.119578
0.118549
0.117447
0.237337
0.262548
0.287448
0.286252
0.111614
0.257910
0.109324
0.255664
0.132492
0.253490
-0.042640
0.301753
0.127832
0.126701
0.150224
0.001174
0.245953
0.244794
0.120208
0.266643
0.141644
0.435788
0.138912
0.090026
0.089004
0.235808
0.234793
0.109215
0.255881
-0.017870
0.230518
0.127383
0.251258
0.250142
0.249106
0.396047
0.395018
0.075714
0.245040
0.244084
0.072924
0.093968
0.092917
0.196379
0.195531
0.046712
0.194096
0.045306
0.192857
0.044125
0.339950
0.339501
0.169631
0.359553
0.168587
0.168008
0.336573
0.335878
0.462775
0.165805
0.165341
0.333696
0.164413
0.291789
0.184052
0.183661
0.034842
0.034241
0.181965
0.181378
0.012435
0.200444
0.031465
0.010957
0.327058
0.178247
0.157978
0.177269
0.028291
-0.011443
0.156065
0.175117
0.155253
0.303340
0.173878
0.302594
0.153746
0.004884
0.172117
0.171725
0.152297
0.151833
0.021798
0.169834
0.169508
0.169182
0.298543
0.298086
0.149166
0.148760
0.018428
0.148065
0.147775
0.165921
0.462695
0.165268
0.295231
0.331609
0.313051
0.164160
0.276049
0.163703
0.293926
0.311898
0.163051
0.293282
0.311043
0.162203
0.143949
-0.022900
0.143369
0.160899
0.273556
0.124738
0.308818
0.142209
0.290665
0.159659
0.141862
0.159594
0.141862
0.141746
0.438861
0.290078
-0.007290
0.158942
0.141282
0.158942
0.141224
0.010319
0.141340
0.290129
0.177110
0.159594
0.142035
0.159986
0.011660
0.160638
0.327508
0.143427
0.161616
0.143891
0.144296
0.144760
-0.003218
0.164094
0.164616
0.313717
0.425933
0.314927
0.148413
0.297303
0.297644
0.186893
0.187400
0.150384
0.280448
0.002862
0.003268
0.171138
0.171725
0.191530
0.173030
0.025190
0.193632
0.323334
0.156065
0.027885
0.325341
-0.010254
0.010080
0.178834
0.179421
0.180008
0.052249
0.181052
0.161341
0.161862
0.182747
0.035045
0.204430
0.164065
0.292267
0.165225
0.186661
0.335595
0.208995
0.167834
0.295535
0.317268
0.339182
0.191748
0.235315
0.362850
0.172472
0.194878
0.069387
0.240337
0.241373
0.264360
0.095258
0.222112
0.075119
0.053734
0.225083
0.226025
-0.068916
0.227981
0.206162
0.082344
0.083373
0.084330
0.108679
0.086460
0.064025
0.407982
0.113607
0.067148
0.239866
0.141608
0.266722
0.268157
0.097454
0.246316
-0.047698
0.101208
0.127375
0.128578
0.226902
0.253272
0.401989
0.281390
0.257186
0.111150
0.407323
0.261244
0.115288
0.090359
0.265519
0.119701
0.094272
0.269867
0.271462
0.098606
0.127462
0.220938
0.075156
0.104403
0.134042
0.254425
-0.037915
0.228764
0.111940
0.113469
0.085910
-0.030241
0.118063
0.266230
0.091258
0.122462
0.123998
0.272099
0.126984
-0.018073
0.129847
0.131245
0.132644
0.280513
0.020508
0.105490
0.106744
0.254272
0.077359
0.288861
0.225684
0.259026
0.292579
0.147579
0.148775
0.296035
0.118208
0.265287
0.299622
0.300796
0.010290
0.157471
-0.132832
0.160094
0.127187
0.273984
0.275027
0.310579
0.200763
0.312862
0.168399
0.315145
0.281230
0.172160
-0.007421
-0.006247
0.140347
0.141543
0.288071
0.107896
0.290448
0.182900
0.329363
0.148963
0.187124
0.188465
0.226996
0.046198
0.047575
0.011377
0.050473
0.051850
0.197908
0.343972
0.345211
0.346581
0.241844
0.165624
0.166696
0.206749
0.313232
0.064633
0.210307
0.171914
0.028523
0.173834
0.358908
0.319957
0.216698
0.321638
0.506878
0.179037
0.220307
0.261845
0.222264
0.079301
0.080366
0.122527
0.082583
0.042422
0.001964
0.044350
0.332885
0.375474
0.232721
0.048147
-0.094577
0.007921
0.236902
0.094294
0.095330
0.239931
0.298985
0.342566
0.343436
0.243982
0.201843
0.159536
0.203690
0.248077
0.205625
0.250316
0.207560
0.208524
0.396605
0.353349
0.442701
0.212053
0.069945
0.115397
-0.026523
0.215292
0.216068
0.261874
0.074974
0.218546
0.219387
0.408280
0.078293
0.124665
0.553417
0.269049
0.412388
0.270534
0.459659
0.271882
0.272556
0.273230
0.177689
-0.010327
-0.056133
0.086729
0.371959
0.276723
0.277332
0.324558
0.089366
0.232040
0.185675
0.137622
0.327095
0.233416
0.186668
0.327827
0.470311
0.234301
0.092294
0.092425
0.139746
0.092816
0.093062
0.282651
0.282861
-0.048451
0.140970
0.283209
0.236127
0.425563
0.141521
0.283680
0.283694
0.141854
0.142064
0.331609
0.189719
0.426476
0.426476
0.284585
0.237366
0.285057
0.143260
0.285462
0.285665
0.143970
0.286346
0.144731
0.097425
0.239728
0.240040
0.240344
0.146811
0.147297
0.241555
0.147942
0.006522
0.242475
0.384655
0.291513
0.195603
0.434107
-0.038705
0.152058
0.152833
0.295260
0.012761
0.296412
0.204154
0.346414
0.205676
0.298977
0.250577
0.158688
0.300586
0.110614
0.209647
0.019566
0.302927
0.260983
0.070967
0.445977
0.114556
0.115136
0.306608
0.116165
0.025371
0.067235
0.308768
0.168211
0.400714
0.451260
0.169645
0.170145
0.120411
0.312246
0.312724
0.313268
0.313811
0.122890
0.314956
0.073293
-0.016291
0.125122
0.125701
0.126310
0.318631
0.127441
0.268679
0.320399
0.269708
0.321609
0.233040
0.322805
0.463913
0.323812
0.132107
0.273186
0.325508
0.377887
0.518864
0.186566
0.238982
0.275860
0.468674
0.240460
0.188617
0.048546
0.381713
0.241765
0.189878
0.382844
0.278462
0.086018
-0.001631
0.226721
0.419671
0.332247
0.192313
0.192523
0.192893
0.140644
0.000826
0.141340
0.334428
0.474804
0.142079
0.282419
0.229815
0.248562
0.336037
0.283375
0.003464
0.090845
0.337131
0.250446
0.337682
0.144789
0.338081
0.338284
0.338486
0.145543
0.338820
0.478913
0.392243
0.252519
0.286107
0.286230
0.286426
0.199966
0.393322
0.306913
0.586773
0.200437
0.007268
0.253968
0.147282
0.393989
0.587411
0.147659
0.008015
0.534662
0.395054
0.535097
0.202227
0.148949
0.095613
0.342791
0.343059
0.289716
0.343675
0.204212
0.258345
0.151050
0.065525
0.205567
0.291666
0.206292
0.346335
0.486283
0.207423
0.153688
0.014508
0.208568
0.348378
0.294463
0.209539
0.155572
0.264679
0.156181
0.241424
0.296079
0.156920
0.351139
0.018088
0.072916
0.073069
0.352023
0.436948
0.297521
0.103476
0.212713
0.212713
0.267346
0.297593
0.352226
0.352299
0.158341
0.212981
0.352306
0.158210
0.158138
0.158080
0.297419
0.351958
0.351958
0.212452
0.212372
0.018298
0.018320
0.351755
0.351755
0.297050
0.211952
0.296738
0.211662
0.296492
0.296376
0.211227
0.211082
0.295999
0.295876
0.156311
0.156196
0.071025
0.016573
0.070916
0.210365
0.210365
0.349799
0.101483
0.349465
0.434513
0.209683
0.349052
0.348915
0.154949
0.294405
0.263287
0.208973
0.154659
0.294209
0.154616
0.154674
0.208959
0.209010
0.294318
0.069351
0.100396
0.294129
0.154427
0.208466
0.208321
0.068568
0.347509
0.347175
0.346900
0.206966
0.346349
0.206256
0.012218
0.065699
0.237120
0.290651
0.258041
0.343574
0.149674
0.149253
0.288680
0.288310
0.147963
0.200777
0.286716
0.286173
0.199002
0.391641
0.197937
0.197357
0.196726
0.143238
0.230011
0.142398
0.282151
0.228989
0.281237
0.193241
0.192886
0.245098
0.139688
0.227083
0.279194
0.278890
0.138311
0.330544
0.137629
0.137253
0.329450
0.469456
0.240721
0.100142
0.328522
0.328319
0.468478
0.327979
0.327841
0.327783
0.187349
0.327653
0.135224
0.135166
0.187074
0.135035
0.046611
0.046524
0.238794
0.327232
0.134876
0.134861
0.327290
0.046567
0.327435
0.135122
0.327500
0.135093
-0.005334
0.187016
0.187030
0.275455
0.275455
0.379409
0.327363
0.046415
0.046220
0.326892
0.378662
0.186110
0.134021
0.237518
-0.006797
0.274005
0.466195
0.273889
0.133310
0.133122
0.132919
0.273273
0.132673
-0.007870
0.273027
0.376256
0.183929
0.043241
0.324232
0.272592
0.324225
0.272462
0.412888
0.183320
0.375481
0.042785
0.183334
0.323747
0.183124
0.323616
-0.009073
-0.149688
-0.060749
0.131252
-0.009363
0.131151
0.042132
0.323232
0.131151
0.182697
0.079649
0.131252
-0.009160
0.271962
0.183146
0.183211
0.272266
0.183436
0.183632
0.272621
0.324326
0.464826
0.324464
0.324667
0.273165
0.184603
0.044285
0.184958
0.325616
0.325884
0.466521
0.185929
0.274737
0.082728
0.186943
0.135369
0.187733
0.188074
0.328682
0.328892
0.277056
0.189349
0.329964
0.330298
0.470826
0.471152
0.191110
0.331805
-0.000638
-0.000225
0.245460
0.105816
0.001051
0.281672
0.247577
0.195306
0.142920
0.143296
0.090714
0.197197
0.337653
0.198197
0.005696
0.339218
0.339827
0.287078
0.480870
0.341740
0.342349
0.149645
0.064286
0.204770
0.345269
0.206575
0.401127
0.347943
0.294571
0.210270
0.265635
0.212176
0.019124
0.074808
0.021044
0.355350
0.162007
0.218119
0.302956
0.248504
0.165892
0.417077
0.223655
0.446745
0.170138
0.171225
0.284897
0.312224
0.231076
0.427346
0.371916
0.373068
0.374220
0.318290
0.238214
0.239424
0.378930
0.322631
0.301086
0.244584
0.107853
0.167145
0.248200
0.387322
0.388482
0.251765
0.194125
0.253787
0.451231
0.196705
0.197589
0.395192
0.336856
0.200256
0.201154
0.124310
0.400040
0.460804
0.401888
0.402779
0.266454
0.130115
0.207836
0.208604
0.346335
0.270708
0.271578
0.272462
0.349371
0.152514
0.077453
0.200270
0.276810
0.216459
0.292492
0.218082
0.280498
0.281607
0.419092
0.420244
0.223141
0.224112
0.361270
0.498226
0.289368
0.426447
0.291419
0.229706
0.293405
0.357292
0.566961
0.097454
0.369727
0.234750
0.099845
0.164181
0.300695
0.301579
0.230677
0.303253
0.439390
0.304702
0.241344
0.035342
0.171334
0.171856
0.307637
0.108773
0.308862
0.245040
0.110505
0.111172
0.246765
0.177008
0.177747
0.313456
0.314116
0.180008
0.115650
0.116259
0.047285
0.117592
0.318275
0.253562
0.119462
0.454811
0.455361
0.121114
0.121585
0.056387
0.257157
0.188943
0.189422
0.055604
-0.009740
0.125151
0.191748
0.126238
0.194821
0.193552
0.462565
0.328798
0.261541
0.195574
0.330138
0.129832
0.196792
0.397946
0.131049
0.265563
0.198705
0.266360
0.132839
0.267193
0.334682
0.268056
0.201574
0.335747
0.403120
0.336689
0.470369
0.269607
0.203248
0.136260
0.270128
0.337472
0.136550
0.270418
0.136709
0.337892
0.270679
0.338037
0.338037
0.338023
0.337943
0.472326
0.203835
0.203596
0.136209
0.337110
0.336834
0.269476
0.202212
0.269027
0.268693
0.268418
0.335001
0.267563
0.334066
0.132455
0.199096
0.399939
0.197966
0.264012
0.130194
0.464492
0.329602
0.463108
0.462412
0.461717
0.260447
0.394257
0.325211
0.124035
0.123426
0.191545
0.391322
0.256113
0.390098
0.320210
0.184704
0.253185
0.048154
0.186523
0.385793
0.385054
0.249374
0.048850
0.177682
0.112208
0.175965
0.175073
0.309268
0.173182
0.108121
0.442042
0.370031
0.169812
0.240417
0.375075
0.302659
0.301869
0.300999
0.435665
0.163551
0.162573
0.297296
0.359451
0.096562
0.158616
0.366727
0.156833
0.291847
0.427012
0.562134
0.362799
0.276404
0.275136
0.223952
0.086779
0.420425
0.555808
0.282013
0.157956
0.416671
0.279208
0.080402
0.065162
0.276368
0.412164
0.274433
0.075830
0.272353
0.408120
0.346639
0.131919
0.267860
0.129571
-0.008819
0.264425
0.125919
0.262135
0.123658
0.200487
0.396272
0.395177
0.531676
0.196328
0.175276
0.390670
0.330856
0.112483
0.249055
0.247779
0.246504
0.245229
0.105831
0.184994
0.379604
0.044437
0.181660
0.042205
0.179515
0.178428
0.372676
0.510154
0.508980
0.174080
0.172993
0.171906
0.088048
0.364691
0.307710
0.279129
0.361299
0.165616
0.219872
0.163486
0.301550
0.300398
0.159978
0.104186
0.157804
0.211176
0.070373
0.208560
0.153166
0.345617
0.290593
0.289368
0.288086
0.200234
0.338740
0.337443
0.336081
0.281897
0.227909
0.191241
0.382293
0.328609
0.134847
0.325761
0.324276
0.411903
0.321297
0.038371
0.036784
-0.015675
0.315203
0.313572
0.070373
0.169493
0.309145
0.398975
0.306166
0.113889
0.395380
0.252823
0.300746
0.108918
0.205372
0.296709
0.295419
0.245642
0.292695
0.291202
0.099976
0.478065
0.287078
0.143796
0.142470
0.235982
0.282093
0.280948
0.137709
0.183443
0.135492
-0.054575
0.179371
0.227858
0.226829
0.083410
0.413236
0.081236
0.125839
0.267389
0.409062
0.408084
0.076409
0.218155
0.119484
0.261237
0.072655
0.116462
0.258331
-0.028567
-0.074098
0.067945
0.210126
0.165232
0.065177
0.251084
0.206314
0.205408
0.061293
0.203785
0.202951
0.202176
0.058032
0.344016
0.343262
0.241801
0.097294
0.138745
0.095048
0.237605
0.194407
0.337233
0.234793
0.233924
0.149318
0.232112
0.231242
0.086562
0.229489
0.331030
0.330218
0.370517
0.225576
0.368560
0.223619
0.325986
0.221662
0.180124
0.035132
0.074590
0.177660
0.257084
0.031712
0.135202
0.318507
0.212959
0.316768
0.211089
0.065771
0.275143
0.208415
0.207546
0.023059
0.311319
0.021247
0.020262
0.202574
0.201705
0.162377
0.161602
0.160826
0.342929
0.197342
0.196538
0.157884
0.087801
0.231713
0.193313
0.230003
0.191712
0.153645
0.152927
0.226445
0.370524
0.332689
0.294970
0.330993
0.221604
0.147347
0.182972
0.254599
0.181160
0.144057
0.143217
0.142383
0.141615
0.176617
0.321210
-0.006058
0.138637
0.283259
0.282448
0.206604
0.170653
0.134861
0.425353
0.133622
0.022276
0.132506
0.131970
0.131434
0.165399
0.019131
0.309862
0.274911
0.163058
0.308297
0.162065
-0.018276
0.015385
0.160594
0.271896
0.159732
0.125310
0.124767
0.303796
0.123680
0.268998
-0.023291
0.447412
0.413461
0.446397
0.154072
0.007580
0.478152
0.152543
0.152007
0.151471
0.004906
0.084511
0.083982
0.295187
0.261925
0.115426
0.261229
0.260881
0.293100
0.292774
0.146470
0.146282
0.178631
0.292122
0.259432
0.145420
0.437397
0.437208
0.290948
0.290883
0.144673
0.144536
0.258389
0.226242
0.144949
-0.000891
0.437708
-0.000471
0.259432
0.227155
0.259780
0.227409
0.260070
0.146615
0.260302
0.293035
0.325884
0.260881
0.147543
0.147681
0.147746
0.147942
0.115455
0.148347
0.261867
0.181581
0.295057
0.441339
0.441665
0.149898
0.296100
0.150376
0.117679
0.329798
0.038118
0.005384
0.297535
-0.027349
0.118795
0.152087
0.119078
0.298448
0.265519
0.265751
0.266041
0.299688
0.266737
0.267143
0.267490
0.447194
0.155848
-0.023175
0.010653
0.010914
0.123433
0.415425
0.124093
0.192248
0.013196
0.271375
0.160138
0.272418
0.049756
0.307710
0.308362
0.017725
0.018407
0.130216
0.311036
0.131651
0.278042
0.133325
0.168986
0.169928
0.170928
0.171935
0.283027
0.138528
0.174950
0.140195
-0.039951
0.213952
0.324341
0.361466
0.181168
0.000638
0.291897
0.329493
0.040393
0.331580
0.150710
0.080844
0.227083
0.191016
0.299608
0.300709
0.377191
0.233786
0.341885
0.343124
0.199683
0.094642
0.057561
0.058807
0.204582
0.205785
0.101541
0.208053
0.314333
0.315377
0.132564
0.501588
0.358516
0.279810
0.360930
0.177776
0.178907
0.324073
0.365821
0.223054
0.224336
0.184559
0.185690
0.433201
0.331783
0.230713
0.231996
0.191444
0.192646
0.050220
0.093729
0.196067
0.383300
0.198408
0.385844
0.200748
0.058539
0.202966
0.204053
0.348364
0.249961
0.251243
0.010283
0.253743
0.299108
0.256186
0.257476
0.115889
0.072380
0.359089
0.119672
0.218604
0.310500
0.221148
0.125520
0.126926
0.413171
0.460601
0.131361
0.086511
0.276745
0.231583
0.279926
0.328537
0.188327
0.284788
0.144536
0.288115
0.241910
0.291557
0.151601
0.153348
0.155043
0.015349
0.158565
0.443042
0.303470
0.213474
0.215329
0.167326
0.169167
0.170993
0.404076
0.123962
0.176515
0.178291
0.180131
0.322471
0.132006
0.185226
0.186856
0.188538
0.137992
0.087084
0.333921
0.195581
0.337392
0.339233
0.201328
0.203299
0.205205
0.207125
0.154819
0.211031
0.158312
0.493392
0.300999
0.218749
0.359632
0.278187
0.224561
0.504219
0.228612
0.230597
0.289245
0.373133
0.179747
-0.013899
0.126172
0.185748
0.187748
0.189762
0.250236
0.252526
0.392351
0.256932
0.199763
0.124006
0.263563
0.325841
0.268193
0.073257
0.151645
0.351313
0.217068
0.144659
0.085634
0.224300
0.288955
0.228952
0.294195
0.161138
0.236011
0.174689
0.240692
0.107831
0.444933
0.247881
0.315275
0.183182
0.320623
0.189009
0.326240
0.262635
0.331827
0.133752
0.203466
0.206357
0.276976
0.010754
0.214923
0.217727
0.486363
0.356147
0.491602
0.494225
0.364596
0.367510
0.370358
0.505081
0.507777
0.318674
0.250316
0.312623
0.328377
0.186697
0.203995
0.134390
0.194639
0.197299
0.403960
0.332537
0.279535
0.282556
0.415070
0.234286
0.291513
0.423556
0.297470
0.224213
0.432201
0.152891
0.155297
0.184436
0.315406
0.368234
0.449013
0.324428
0.454600
0.378365
0.174689
0.383467
0.259454
0.262099
0.264744
0.393438
0.350994
0.353951
0.275469
0.278136
0.362777
0.076112
0.243794
0.371452
0.374213
0.377061
0.048017
0.258860
0.261997
0.141550
0.268237
0.356335
0.397692
0.315116
0.195110
0.283890
0.286839
0.325493
0.414802
0.208821
0.298934
0.180697
0.217459
0.308420
0.311645
0.346900
0.229228
0.232127
0.265635
0.327486
0.330522
0.333653
0.336718
0.249171
0.342979
0.254939
0.139376
0.470869
0.381909
0.384706
0.269867
0.155543
0.158645
0.161841
0.281810
0.495240
0.498218
0.479558
0.272411
0.412309
0.299579
0.282709
0.190458
0.404461
0.407678
0.410830
0.414077
0.223206
0.517647
0.423534
0.215655
0.218865
0.433179
0.436455
0.552112
0.542054
0.334305
0.349929
0.352886
0.344827
0.448752
0.362017
0.465963
0.257802
0.472601
0.374220
0.588766
0.482421
0.485725
0.174704
0.280701
0.283926
0.075474
0.186588
0.189472
0.296579
0.299709
0.412004
0.307594
0.310145
0.418106
0.526597
0.212024
0.426817
0.218184
0.326457
0.329225
0.439129
0.439614
0.334827
0.233134
0.339487
0.242620
0.560685
0.454977
0.354458
0.465905
0.359560
0.362082
0.262490
0.155638
0.581483
0.270838
0.476225
0.487819
0.279143
0.382655
0.173675
0.387568
0.401192
0.392460
0.295231
0.397460
0.399902
0.290078
0.404656
0.420824
0.324935
0.087352
0.300557
0.317754
0.320116
0.435976
0.324826
0.424505
0.523763
0.332146
0.123723
0.222648
0.513719
0.438143
0.325435
0.462043
0.540373
0.351987
0.334001
0.451934
0.475565
0.362161
0.270549
0.367597
0.370292
0.372945
0.351944
0.471369
0.566722
0.593665
0.596317
0.481036
0.181197
0.183834
0.488225
0.490740
0.402062
0.285897
0.498204
0.500733
0.322667
0.206154
0.508255
0.510676
0.183661
0.247895
0.250968
0.254041
0.281462
0.316174
0.197618
0.563526
0.445020
0.535111
0.537510
0.244098
0.159935
0.249323
0.251910
0.377017
0.379865
0.382757
0.348168
0.435846
0.229880
0.394344
0.150203
0.360777
0.279404
0.365973
0.616898
0.495457
0.373677
0.500965
0.421251
0.299289
0.427425
0.343342
0.345574
0.436701
0.269099
0.397656
0.319884
0.529546
0.405903
0.408627
0.411446
0.414178
0.416910
0.213474
0.422048
0.424454
0.348900
0.479536
0.354277
0.228677
0.359553
0.438882
0.288115
0.572432
0.498943
0.501769
0.450883
0.453187
0.305318
0.512661
0.590099
0.258323
0.520669
0.393083
0.395518
0.528365
0.400439
0.402873
0.478203
0.349538
0.482667
0.281593
0.343269
0.286354
0.288716
0.422657
0.354081
0.356741
0.429911
0.432244
0.434527
0.499211
0.306608
0.308732
0.374162
0.376553
0.447919
0.651885
0.718692
0.519618
0.456898
0.325725
0.594919
0.463695
0.398881
0.468362
0.604702
0.472978
0.341001
0.477594
0.479928
0.547873
0.349828
0.286767
0.489059
0.156659
0.358690
0.496160
0.569765
0.437027
0.367705
0.442209
0.372256
0.510364
0.240866
0.242982
0.381257
0.519799
0.324160
0.265338
0.390771
0.407903
0.334827
0.474362
0.477094
0.205546
0.267730
0.407251
0.350219
0.411816
0.414149
0.416483
0.556678
0.283071
0.227242
0.425346
0.370075
0.510813
0.236424
0.295477
0.436187
0.520763
0.467087
0.191849
0.388902
0.585643
0.448586
0.450586
0.258454
0.260592
0.456586
0.404468
0.514545
0.462688
0.411265
0.659943
0.521893
0.558265
0.227952
0.475514
0.337465
0.236076
0.622978
0.522843
0.525734
0.247120
0.350857
0.393540
0.396279
0.639819
0.642254
0.361850
0.407388
0.410127
0.554496
0.463905
0.466456
0.516705
0.376945
0.473746
0.476080
0.525162
0.527118
0.433114
0.531032
0.532988
0.489109
0.536800
0.493298
0.397808
0.542532
0.544344
0.358625
0.459173
0.362393
0.650588
0.366183
0.411512
0.512965
0.371343
0.559547
0.518343
0.520198
0.623275
0.481848
0.441875
0.671581
0.673668
0.387945
0.287100
0.432643
0.537387
0.683292
0.541039
0.398670
0.360285
0.362198
0.403917
0.550098
0.407439
0.514480
0.410751
0.373590
0.520198
0.415903
0.638942
0.419389
0.490109
0.240127
0.424541
0.463644
0.465268
0.574983
0.431628
0.433331
0.398779
0.291752
0.293579
0.440817
0.407069
0.479790
0.376104
0.559091
0.561395
0.417831
0.308536
0.601970
0.570070
0.639616
0.461927
0.463804
0.465644
0.467427
0.615492
0.471261
0.326942
0.475000
0.476688
0.332160
0.626666
0.304340
0.337407
0.308181
0.224771
0.342248
0.460195
0.315384
0.433715
0.318573
0.320087
0.468347
0.323051
0.353842
0.678154
0.445890
0.623224
0.359408
0.389242
0.333928
0.482486
0.511849
0.485218
0.514422
0.515726
0.517089
0.518415
0.519625
0.520777
0.548822
0.349241
0.497950
0.472775
0.500421
0.501603
0.381467
0.530089
0.531278
0.384829
0.482305
0.509009
0.560852
0.511538
0.365241
0.366408
0.515219
0.836408
0.517582
0.666596
0.396656
0.521299
0.522415
0.523567
0.524749
0.650073
0.527213
0.504842
0.233380
0.257570
0.531169
0.509262
0.681422
0.557381
0.558323
0.263150
0.389598
0.413033
0.539684
0.288774
0.563526
0.520024
0.564852
0.521763
0.522524
0.566801
0.589107
0.567975
0.547155
0.548011
0.548829
0.549547
0.401953
0.571983
0.403149
0.403663
0.404113
0.531727
0.552967
0.405019
0.722888
0.447462
0.406243
0.596469
0.427701
0.555721
0.576823
0.705097
0.408809
0.388612
0.578244
0.409780
0.558584
0.559076
0.390800
0.431585
0.431788
0.560229
0.580722
0.560917
0.412758
0.541365
0.709989
0.581802
0.433585
0.413794
0.582374
0.582432
0.453912
0.582374
0.562460
0.434136
0.414178
0.542597
0.414048
0.453963
0.582512
0.562685
0.434194
0.394206
0.414062
0.453927
0.710772
0.413961
0.582360
0.433904
0.582287
0.433933
0.582483
0.562736
0.582831
0.582947
0.286194
0.414852
0.583237
0.583447
0.563787
0.583715
0.564084
0.267447
0.416236
0.584730
0.545713
0.436832
0.269143
0.398467
0.398960
0.399279
0.567497
0.587194
0.567925
0.568127
0.606992
0.419947
0.568533
0.588049
0.607470
0.439788
0.588440
0.588592
0.440107
0.439991
0.588396
0.439672
0.717272
0.419939
0.548757
0.735729
0.715924
0.438020
0.566801
0.398439
0.566142
0.565613
0.436339
0.564598
0.564077
0.543648
0.542923
0.582172
0.432976
0.729294
0.728801
0.539336
0.559018
0.409903
0.578012
0.705206
0.576758
0.575968
0.575120
0.404874
0.552069
0.551018
0.401794
0.400888
0.717989
0.547366
0.672958
0.545416
0.566417
0.543713
0.542597
0.585788
0.562729
0.539467
0.560982
0.412077
0.388482
0.387481
0.557337
0.556547
0.703757
0.383981
0.360060
0.530350
0.552982
0.552446
0.528531
0.675857
0.675161
0.674466
0.673770
0.673009
0.524502
0.399902
0.375322
0.374807
0.546163
0.225989
0.373387
0.544931
0.396627
0.543894
0.371155
0.419476
0.394482
0.566323
0.541046
0.540416
0.342508
0.514502
0.391206
0.538365
0.512719
0.339247
0.363691
0.561207
0.535387
0.534771
0.483138
0.629913
0.507233
0.506668
0.358683
0.505610
0.504951
0.651682
0.503443
0.502755
0.380742
0.527647
0.527053
0.352603
0.525712
0.672552
0.403750
0.524038
0.349335
0.469224
0.495189
0.494566
0.641290
0.373061
0.492624
0.491928
0.398410
0.250671
0.342646
0.342001
0.488573
0.515480
0.514944
0.486790
0.513987
0.485696
0.365872
0.393286
0.337015
0.483551
0.454876
0.510400
0.334552
0.656421
0.627703
0.536938
0.508349
0.389409
0.332363
0.654407
0.360074
0.331262
0.506393
0.359060
0.505545
0.476384
0.475826
0.357205
0.327827
0.327305
0.649580
0.502045
0.472340
0.647827
0.353494
0.499726
0.469543
0.468753
0.497501
0.350045
0.466442
0.318884
0.464797
0.493972
0.523270
0.492595
0.522176
0.344682
0.521053
0.343378
0.165638
0.635391
0.634899
0.341291
0.456680
0.633493
0.486580
0.486218
0.277636
0.369800
0.338479
0.160507
0.306442
0.630043
0.483145
0.482805
0.336073
0.304485
0.304260
0.596832
0.805646
0.596397
0.449839
0.449636
0.449535
0.449441
0.334334
0.449115
0.595245
0.595071
0.302195
0.448361
0.333320
0.511132
0.333059
0.301376
0.772043
0.447651
0.479232
0.447549
0.479080
0.510574
0.625217
0.656791
0.332305
0.561533
0.414983
0.446433
0.509741
0.363205
0.477602
0.623724
0.591636
0.413207
0.298572
0.184059
0.330189
0.444441
0.590484
0.475906
0.622115
0.654001
0.589983
0.233424
0.443614
0.475601
0.589983
0.768339
0.768397
0.654160
0.654204
0.622289
0.590484
0.329928
0.444375
0.508161
0.476362
0.476399
0.622753
0.444680
0.508473
0.444745
0.622971
0.476725
0.184175
0.508675
0.330595
0.476783
0.508523
0.508371
0.508306
0.476297
0.444325
0.329870
0.476087
0.622347
0.622347
0.329696
0.444020
0.476015
0.476094
0.622420
0.297890
0.508016
0.297724
0.475877
0.590223
0.329580
0.329493
0.411722
0.443564
0.361017
0.475014
0.621057
0.620825
0.442252
0.474087
0.587788
0.587505
0.619565
0.473174
0.472964
0.618912
0.472333
0.471949
0.325406
0.471253
0.438397
0.616709
0.583679
0.469681
0.615579
0.436607
0.615159
0.582157
0.614608
0.581440
0.321725
0.467521
0.467137
0.466811
0.466485
0.466065
0.578744
0.319522
0.578266
0.577939
0.464702
0.318449
0.318188
0.576765
0.430599
0.317696
0.430295
0.463463
0.642486
0.316971
0.395888
0.428889
0.461978
0.461594
0.461282
0.606897
0.460572
0.460325
0.460137
0.280375
0.493544
0.639160
0.459260
0.346885
0.424664
0.458072
0.423650
0.311232
0.490595
0.601796
0.601361
0.455158
0.454774
0.454354
0.599622
0.599129
0.564287
0.632790
0.486682
0.631993
0.485863
0.596404
0.595955
0.560656
0.303753
0.629536
0.483537
0.593708
0.302014
0.557547
0.446535
0.591549
0.590984
0.590317
0.444194
0.408178
0.407548
0.406917
0.406388
0.586867
0.331109
0.585592
0.549199
0.693909
0.620028
0.256831
0.292361
0.328029
0.545742
0.581403
0.253939
0.471355
0.434302
0.505690
0.251091
0.577490
0.576823
0.467862
0.359190
0.284941
0.429549
0.466116
0.428476
0.535720
0.389945
0.534177
0.425657
0.424889
0.424085
0.460927
0.567417
0.421809
0.238272
0.237366
0.419454
0.563461
0.562692
0.745078
0.599672
0.415780
0.559692
0.558924
0.374749
0.268099
0.411917
0.555634
0.554649
0.370126
0.369169
0.512763
0.367321
0.405903
0.405004
0.548532
0.403374
0.402627
0.506241
0.401098
0.400257
0.174646
0.358234
0.397634
0.500392
0.355096
0.538706
0.352589
0.351465
0.350342
0.678306
0.347958
0.346733
0.572483
0.529792
0.528691
0.611332
0.526328
0.525125
0.380358
0.235721
0.277274
0.521009
0.291028
0.332464
0.331276
0.373039
0.472022
0.270527
0.412838
0.324631
0.366879
0.552605
0.606651
0.649138
0.548873
0.646319
0.457390
0.357582
0.445803
0.542597
0.541271
0.397120
0.350429
0.446086
0.393148
0.676799
0.629282
0.485138
0.294709
0.339508
0.337769
0.336030
0.145028
0.521915
0.520401
0.376901
0.469630
0.419976
0.560055
0.323022
0.369894
0.510096
0.460079
0.317101
0.364618
0.363335
0.552677
0.643370
0.309746
0.449586
0.306862
0.405439
0.303862
0.302333
0.683843
0.490921
0.348683
0.296303
0.486682
0.344566
0.573128
0.571562
0.429469
0.339247
0.566693
0.424715
0.475529
0.474261
0.332798
0.418889
0.417323
0.415918
0.380836
0.413120
0.551699
0.603904
0.516458
0.601267
0.406540
0.405308
0.543757
0.403047
0.401859
0.206749
0.066155
0.398366
0.452064
0.396105
0.534140
0.254490
0.586911
0.585795
0.584628
0.249830
0.248649
0.330493
0.329254
0.579048
0.521647
0.520256
0.462565
0.517799
0.377872
0.376640
0.432389
0.292745
0.568396
0.567178
0.565910
0.564642
0.563374
0.504182
0.342494
0.283267
0.557946
0.360292
0.613731
0.416005
0.493610
0.354552
0.353219
0.351828
0.291100
0.408381
0.406917
0.268143
0.344117
0.342494
0.340885
0.476290
0.611448
0.335740
0.394967
0.393467
0.391815
0.602057
0.525024
0.386822
0.323290
0.457847
0.381931
0.380141
0.451948
0.575490
0.375111
0.373517
0.507574
0.306652
0.304724
0.231083
0.500269
0.427237
0.432252
0.494689
0.357734
0.555844
0.289216
0.422179
0.620354
0.483783
0.416186
0.211126
0.209423
0.542539
0.407895
0.605665
0.469949
0.535300
0.331943
0.464405
0.596136
0.392786
0.325116
0.121795
0.454716
0.251069
0.317630
0.448680
0.382844
0.375365
0.379409
0.371031
0.236272
0.304181
0.434527
0.432447
0.298354
0.499204
0.365321
0.221039
0.147311
0.288122
0.417534
0.343472
0.544496
0.410990
0.277861
0.275839
0.346798
0.402468
0.473609
0.398004
0.322102
0.189559
0.391663
0.463927
0.257519
0.330146
0.382938
0.510444
0.508415
0.452426
0.450484
0.448593
0.393706
0.315971
0.443056
0.493247
0.285716
0.360415
0.512647
0.356306
0.405062
0.224467
0.350574
0.554475
0.474485
0.344791
0.421389
0.340885
0.417650
0.542836
0.461550
0.459246
0.409874
0.328254
0.406127
0.530647
0.321964
0.274273
0.398707
0.396895
0.350219
0.312072
0.435766
0.264099
0.513313
0.178762
0.302079
0.382249
0.380351
0.420824
0.376604
0.250055
0.372850
0.370988
0.369133
0.200060
0.197857
0.487530
0.361582
0.359582
0.318587
0.316906
0.353697
0.474862
0.434882
0.262055
0.468384
0.257845
0.341885
0.339929
0.460282
0.580266
0.456021
0.123187
0.121179
0.206357
0.291912
0.445455
0.322174
0.529466
0.406598
0.349088
0.435368
0.312717
0.399728
0.550003
0.338494
0.305463
0.303601
0.211988
0.299825
0.417700
0.415758
0.294318
0.292455
0.290593
0.288818
0.524894
0.404062
0.283317
0.491537
0.398221
0.396279
0.394438
0.274542
0.272810
0.271078
0.269396
0.385351
0.383467
0.381583
0.169327
0.284556
0.165624
0.257331
0.372466
0.347878
0.369017
0.250693
0.249011
0.363567
0.456267
0.265244
0.147311
0.240417
0.449412
0.468000
0.350625
0.137977
0.327529
0.671118
0.343494
0.341827
0.454869
0.338465
0.433172
0.220525
0.236279
0.428251
0.329566
0.327769
0.634486
0.324363
0.322710
0.207705
0.206205
0.091482
0.527430
0.525799
0.425802
0.198574
0.323819
0.294347
0.405490
0.291644
0.290303
0.289049
0.300478
0.298970
0.297419
0.295854
0.394127
0.392677
0.179900
0.401127
0.288303
0.276071
0.174363
0.394931
0.282651
0.492812
0.380858
0.389279
0.387887
0.285361
0.376061
0.264701
0.373763
0.381148
0.269969
0.158949
0.056003
0.375974
0.257439
0.365879
0.255244
0.370626
0.259968
0.251983
0.360067
0.249982
0.146231
0.151094
0.355495
0.142615
0.249968
0.253830
0.458920
0.245794
0.451383
0.346574
0.345349
0.344182
0.239054
0.445702
0.444542
0.231685
0.337950
0.232329
0.335465
0.227039
0.225822
0.331602
0.330211
0.328856
0.329124
0.221097
0.325029
0.218445
0.428976
0.533235
0.425527
0.636573
0.317790
0.316725
0.421353
0.631942
0.207191
0.311369
0.416512
0.308826
0.414280
0.411425
0.518814
0.410772
0.409584
0.513002
0.618963
0.617746
0.401656
0.084286
0.291100
0.293311
0.399815
0.398540
0.289296
0.292499
0.291361
0.285375
0.289296
0.494675
0.498943
0.492131
0.387989
0.277984
0.391967
0.384626
0.383583
0.375684
0.272114
0.380394
0.167812
0.378394
0.377409
0.266809
0.257773
0.264679
0.153833
0.372626
0.270128
0.260512
0.369727
0.359756
0.478312
0.477515
0.255758
0.254758
0.354726
0.252946
0.241968
0.351755
0.361089
0.360190
0.359350
0.247381
0.357611
0.456861
0.244366
0.120556
0.130847
0.241294
0.240330
0.227467
0.338182
0.125774
0.224358
0.223402
0.446433
0.333537
0.345465
0.331718
0.244830
0.230938
0.018928
0.229445
0.228670
0.129202
0.438513
0.226684
0.324790
0.338160
0.323479
0.224474
0.336682
0.336189
0.434158
0.222474
0.433092
0.319660
0.348646
0.348306
0.333146
0.332769
0.445433
0.331899
0.429607
0.414004
0.428846
0.428469
0.201422
0.216329
0.329116
0.328624
0.328160
0.311898
0.229503
0.115534
0.326189
0.325725
0.325261
0.341008
0.438064
0.421251
0.420809
0.631456
0.306246
0.322392
0.322015
0.418816
0.304492
0.418005
0.303543
0.320102
0.416802
0.319580
0.188204
0.222126
0.107766
0.204393
0.511907
0.397409
0.317667
0.317377
0.317116
0.316855
0.430868
0.219662
0.527220
0.526981
0.412330
0.315348
0.411512
0.428947
0.313985
0.409946
0.294803
0.408845
0.197371
0.407990
0.293021
0.292753
0.425708
0.407004
0.406779
0.310362
0.310217
0.310043
0.309724
0.194567
0.194190
0.212662
0.289463
0.518980
0.193002
0.307724
0.173551
0.192429
0.211271
0.402859
0.402642
0.402301
0.210357
0.190813
0.612303
0.286194
0.075250
0.285955
0.496501
0.400576
0.304710
0.304565
0.495820
0.304420
0.399910
0.208539
0.188806
0.188654
0.188501
0.303579
0.303347
0.303057
0.207350
0.207162
0.302420
0.091533
0.397699
0.397634
0.071540
0.302391
0.302478
0.398004
0.282803
0.302709
0.187480
0.072206
0.091968
0.091845
0.187335
0.398141
0.207162
0.072119
0.418186
-0.003406
0.092142
0.092229
0.418389
0.092403
0.092540
0.188088
0.303376
0.188125
0.494544
0.303492
0.323181
0.399025
0.303376
0.092519
0.207872
0.303463
0.303492
0.303521
0.092714
0.188277
0.494718
0.303521
0.303405
0.398873
0.112136
0.303173
0.609637
0.283527
0.398808
0.303231
0.418447
0.398641
0.513828
0.283267
0.302854
0.187371
0.302420
0.302159
0.301927
0.532517
0.301579
0.185900
0.280969
0.280766
0.185219
0.205234
0.511132
0.490704
0.395148
0.394960
0.299434
0.299115
0.203719
0.414273
0.393475
0.508828
0.392815
0.508197
0.297202
0.486877
0.412374
0.296361
0.506806
0.411599
0.179718
0.274346
0.063409
0.157899
0.505327
0.294448
0.388960
0.431157
0.293897
0.272491
0.388358
0.504327
0.272288
0.156246
0.177544
0.388163
0.198770
0.293405
0.272056
0.177298
0.293260
0.177204
0.409178
0.409178
0.503827
0.409178
0.387858
0.387953
0.156051
0.198813
0.293579
0.272288
0.293666
0.272454
0.388460
0.409729
0.177740
0.177668
0.293579
0.177537
0.504327
0.293550
0.388250
0.409425
0.293289
0.177305
0.293318
0.177211
0.198408
0.060785
0.176646
0.197850
0.386822
0.270563
0.270396
0.175602
0.269759
0.174921
0.058350
0.174167
0.290042
0.267737
0.151116
0.056437
0.194531
0.172218
0.077750
0.382235
0.381923
0.520285
0.287173
0.170537
0.286767
0.170102
0.286361
0.286129
0.402489
0.169211
0.169058
0.285375
0.168471
0.168189
0.261889
0.378227
0.377974
0.283897
0.400272
0.306260
0.283114
0.376684
0.282767
0.399395
0.165602
0.375858
0.165261
0.258686
0.492153
0.491892
0.398120
0.280998
0.491327
0.163754
0.163565
0.163319
0.280071
0.373336
0.490153
0.607049
0.303050
0.396322
0.255497
0.278969
0.255229
0.161833
0.068467
0.278708
0.371959
0.161544
0.278476
0.278419
0.184936
0.395098
0.160573
0.277549
0.067068
0.160275
0.160275
0.394612
0.487827
0.394576
0.394576
0.487674
0.183863
0.183566
0.158993
0.368872
0.275288
0.250519
0.367430
0.366952
0.273491
0.130963
0.365611
0.247613
0.154319
0.363995
0.480913
0.270012
0.269462
0.269056
0.268708
0.478587
0.385836
0.267751
0.267490
0.385163
0.241504
0.174559
0.148826
0.358828
0.174218
0.384293
0.240736
0.476435
0.266215
0.056111
0.266273
0.240663
0.148507
0.148507
0.148543
0.056372
0.240902
0.148695
0.030799
0.240866
0.240728
0.266273
0.358400
0.266012
0.383887
0.173573
0.147601
0.357632
0.147369
0.172979
0.146804
0.146427
0.172044
0.237598
0.145202
0.354958
0.144318
0.235670
0.143354
0.051198
0.352748
0.378967
0.233554
0.351487
0.259374
0.350386
0.075163
0.047749
0.348777
0.256852
0.466456
0.347385
0.374365
0.227837
0.254939
0.135709
0.044067
0.344595
0.371792
0.252359
0.370742
0.461021
0.488573
0.249866
0.130173
0.458673
0.248475
0.248040
0.276245
0.366350
0.246591
0.155565
0.335769
0.125491
0.124810
0.124223
0.123636
0.242649
0.122484
0.121897
0.330964
0.210640
0.479471
0.359277
-0.000652
0.328341
0.358089
0.357654
0.357219
0.236851
0.325812
0.445259
0.235228
0.354857
0.264990
0.322935
0.202103
0.143282
0.321131
0.320529
0.230909
0.230358
0.528118
0.229112
0.526770
0.405555
0.316072
0.226793
0.556323
0.225836
0.136803
0.377981
0.312964
0.191697
0.312050
0.279071
0.190183
0.222387
0.310246
0.342624
0.133064
0.308920
0.308449
0.341016
0.428672
0.307181
0.009776
0.042814
0.130484
0.305971
0.217778
0.217546
0.305050
0.304673
0.425715
0.216300
0.094606
0.182023
0.424563
0.302905
0.302652
0.336327
0.214590
0.005297
0.214068
0.335182
0.300659
0.178631
0.299746
0.299304
0.298861
0.211198
0.089040
0.210386
0.297144
0.296637
0.417910
0.295535
0.329892
0.120527
0.293767
0.084294
0.241091
0.414149
0.291550
0.326508
0.081736
0.289999
0.080656
0.288825
0.324232
0.237395
0.323225
0.286578
0.322152
0.285187
0.198502
0.197864
0.197197
0.319283
0.318768
0.318196
0.280658
0.279991
0.193719
0.278687
0.192473
0.191777
0.276375
0.190183
0.066206
0.065373
0.272868
0.271983
0.224532
0.100476
0.184588
0.183777
0.183023
0.266788
0.265744
0.512161
0.179400
0.302369
0.261816
0.344914
0.219611
0.382604
0.297818
0.172762
0.255475
0.254396
0.169834
0.293079
0.291970
0.498653
0.040538
0.122158
0.328464
0.369343
0.243301
0.242221
0.366147
0.200516
0.031393
0.362690
0.486754
0.234764
0.233561
0.357864
0.275158
0.229851
0.228706
0.272179
0.271310
0.351494
0.143601
0.142644
0.222474
0.140760
0.266106
0.391627
0.517111
0.390032
0.262889
0.135629
0.341385
0.214126
0.006754
0.259294
0.132064
0.258207
0.130963
0.257258
0.209712
0.129600
0.208785
0.161167
0.255410
0.128151
0.048241
0.254062
0.126585
0.205488
0.173566
0.331559
0.331102
0.409751
0.409323
0.202719
0.075170
0.329059
0.455818
0.122093
0.170131
0.375959
0.327254
0.248106
0.375090
0.453506
0.453216
0.325450
0.325167
0.324732
0.118237
0.372887
0.451021
0.293883
0.038589
0.067634
0.450028
0.194415
0.194132
0.321493
0.527198
0.115252
0.242692
0.036574
-0.013095
0.192618
0.320145
0.192204
0.192016
0.191726
0.368973
0.319297
0.447028
0.368930
0.241207
0.319254
0.191596
0.191820
0.191980
0.192110
0.114150
0.114324
0.114469
0.242439
0.448673
0.243069
0.243286
0.116005
0.037966
0.194915
0.322884
0.372321
0.195987
0.147434
0.196806
0.118672
0.246432
0.452731
0.246946
0.325906
0.247598
0.375278
0.248308
0.121397
0.073373
0.073873
0.122759
0.329515
0.203031
0.282738
0.125136
0.046473
0.173972
0.539416
0.206778
0.413591
0.255236
0.335341
0.256381
0.257012
0.130934
0.211285
0.211923
0.212626
0.339842
0.134035
0.134789
0.261860
0.216314
0.343537
0.344342
0.184342
0.346081
0.427389
0.347342
0.348038
0.141891
0.223329
0.350059
0.269715
0.270230
0.270802
0.145630
0.272150
0.228337
0.147862
0.148471
0.274621
0.149514
0.150065
0.276216
0.195074
0.277303
0.277897
0.153195
0.361277
0.280013
0.362647
0.281259
0.238931
0.157370
0.283136
0.366082
0.201893
0.367343
0.410367
0.493472
0.369191
0.244968
0.162761
0.246171
0.371647
0.372300
0.165312
0.290499
0.290992
0.374517
0.291883
0.251120
0.168356
0.293144
0.584606
0.210423
0.253214
0.170298
0.295064
0.378974
0.338711
0.463405
0.420686
0.172675
0.421338
0.173341
0.341262
0.382061
0.174646
0.299159
0.507610
0.300209
0.136905
0.261411
0.093685
0.222909
0.386887
0.095135
0.427295
0.264737
0.180878
0.428643
0.266512
0.221481
0.221945
0.183574
0.431107
0.223481
0.224068
0.432889
0.395257
0.272715
0.150326
0.189110
0.312869
0.398844
0.276650
0.400323
0.486587
0.401866
0.279977
0.403562
0.195864
0.196618
0.283274
0.406562
0.284738
0.321761
0.113795
0.164703
0.165544
0.288687
0.202937
0.412280
0.290774
0.204705
0.413932
0.292397
-0.002544
0.119976
0.294267
0.503820
0.295753
0.296477
0.210010
0.332349
0.332863
0.299043
0.212387
0.300405
0.213517
0.423041
0.511052
0.180972
0.303072
0.425128
0.216590
0.217140
0.305543
0.306079
0.218677
0.131238
0.307782
0.517466
0.308797
0.397395
0.430672
0.431150
0.464181
0.222648
0.190480
0.191016
0.103222
0.345451
0.345987
0.137253
0.347081
0.436346
0.227518
0.437411
0.317551
0.229257
0.439107
0.439651
0.288528
0.200118
0.263092
0.143354
0.233199
0.144594
0.324138
0.115520
-0.062749
0.357002
0.237779
0.537800
0.209097
0.239692
0.120498
0.330776
0.121861
0.092961
0.242852
0.453303
0.273447
0.244968
0.336182
0.246620
0.247432
0.219684
0.129803
0.249635
0.369459
0.370213
0.252012
0.371618
0.344624
0.464304
0.255200
0.137557
0.348472
0.349357
0.231713
0.259345
0.260099
0.234438
0.261780
0.262563
0.237127
0.382083
0.382757
0.265490
0.174044
0.267027
0.175341
0.268534
0.361843
0.269983
0.060438
0.271433
0.154485
0.155167
0.155811
0.063467
0.274360
0.367915
0.182298
0.158688
0.252417
0.276940
0.277375
0.488392
0.488892
0.161920
0.279462
0.279926
0.373756
0.584657
0.281027
0.164551
0.164986
0.259215
0.259787
0.049973
0.377887
0.168080
0.379242
0.285868
0.380568
0.287086
0.193531
0.288361
0.267005
0.195436
0.384851
0.196625
0.197284
0.292535
0.293260
0.104570
0.315935
0.200799
0.412157
0.297144
0.413606
0.088120
0.299753
0.395895
0.165986
0.282426
0.207749
0.304246
0.285767
0.497733
0.287854
0.403743
0.404750
0.309608
0.310478
0.407569
0.408453
0.313000
0.524894
0.200560
0.430317
0.220278
0.221285
0.302101
0.320333
0.321406
0.419606
0.306855
0.113201
0.325203
0.228525
0.326885
0.425548
0.215387
0.103077
0.119578
0.233706
0.430904
0.220843
0.334885
0.336015
0.435687
0.338160
0.437737
0.227467
0.228467
0.440759
0.230431
0.244482
0.443477
0.232945
0.345929
0.346769
0.248294
0.560113
0.349697
0.350654
0.240091
0.241185
0.342284
0.343530
0.255715
0.145340
0.357784
0.147405
0.148500
0.250077
0.251229
0.242446
0.354386
0.355632
0.255874
0.358234
0.258360
0.259548
0.370858
0.261925
0.364785
0.264396
0.265527
0.266715
0.260273
0.269164
0.277665
0.271730
0.170493
0.062503
0.384336
0.385612
0.489660
0.382286
0.172051
0.282027
0.180255
0.284933
0.394685
0.180008
0.289607
0.183356
0.188878
0.502559
0.400185
0.297528
0.406308
0.512306
0.406874
0.199060
0.305557
0.307159
0.308855
0.205133
0.206734
0.207836
0.209763
0.211604
0.213459
0.320493
0.322805
0.324689
0.222793
0.328269
0.225199
0.224952
0.440846
0.335747
0.129144
0.023791
0.237475
0.343378
0.237511
0.347668
0.354864
0.460543
0.457151
0.350306
0.358458
0.469746
0.472014
0.153311
0.374626
0.157536
0.371242
0.483464
0.265295
0.377713
0.168341
0.271128
0.172479
0.285767
0.377329
0.167718
0.280991
0.183262
0.396678
0.610129
0.301622
0.416041
0.193589
0.406968
0.212097
0.312927
0.217126
0.528734
0.433324
0.224793
0.211140
0.213387
0.232474
0.217604
0.316413
0.203995
0.338784
0.341190
0.228692
0.345943
0.463456
0.561468
0.448310
0.450528
0.357828
0.360277
0.246562
0.365263
0.484348
0.253743
0.256077
0.375379
0.377771
0.052604
0.265193
0.174805
0.387293
0.271737
0.366082
0.276397
0.397192
0.281237
0.283614
0.404743
0.379068
0.500363
0.202451
0.624297
0.417135
0.419468
0.541786
0.424396
0.426976
0.429498
0.400236
0.313891
0.469637
0.527611
0.232989
0.444629
0.447107
0.327950
0.330276
0.158942
0.370510
0.337342
0.339660
0.342081
0.467007
0.261092
0.349009
0.228184
0.268751
0.147898
0.397569
0.445071
0.487153
0.489660
0.284477
0.411497
0.497515
0.458354
0.502777
0.298072
0.507907
0.259925
0.387684
0.515763
0.185784
0.107483
0.317196
0.400562
0.323080
0.326073
0.455709
0.458709
0.413802
0.258418
0.546170
0.391960
0.374568
0.426317
0.223046
0.225539
0.356306
0.230677
0.104758
0.312406
0.367162
0.293760
0.243417
0.321536
0.323710
0.175428
0.512197
0.385119
0.387706
0.390242
0.392830
0.395366
0.471362
0.473667
0.272215
0.478239
0.276933
0.279295
0.281658
0.343407
0.489646
0.420476
0.422911
0.222590
0.164044
0.633130
0.565294
0.498052
0.508291
0.573794
0.242098
0.446904
0.582672
0.319275
0.389974
0.392192
0.527937
0.462731
0.465217
0.400707
0.336204
0.405192
0.206915
0.343653
0.214445
0.483124
0.416280
0.488146
0.355741
0.428672
0.296216
0.362901
0.500624
0.702264
0.577824
0.309232
0.311739
0.512900
0.316638
0.443585
0.457825
0.522183
0.388076
0.390358
0.468261
0.394873
0.336595
0.399475
0.478631
0.403895
0.543438
0.408410
0.410787
0.413070
0.494305
0.300688
0.361741
0.560330
0.505139
0.369626
0.372205
0.431773
0.434158
0.575244
0.300311
0.441455
0.443832
0.390714
0.393351
0.505936
0.314043
0.122353
0.458043
0.653994
0.462768
0.551583
0.414309
0.276882
0.366865
0.281882
0.424730
0.375539
0.430150
0.573483
0.435382
0.437933
0.632058
0.493588
0.445948
0.398823
0.642102
0.644587
0.456688
0.366683
0.462398
0.465224
0.468007
0.376495
0.663052
0.665741
0.432802
0.482471
0.439346
0.534198
0.536945
0.494530
0.452738
0.357857
0.316659
0.320000
0.697039
0.413519
0.602723
0.520140
0.337501
0.340907
0.242185
0.389141
0.392315
0.458151
0.646406
0.505741
0.404482
0.407504
0.371502
0.413512
0.378010
0.419389
0.384619
0.462797
0.246207
0.394460
0.470601
0.327899
0.258736
0.407301
0.591317
0.448593
0.596998
0.419773
0.602868
0.459978
0.608796
0.611724
0.322421
0.357603
0.442165
0.445397
0.594897
0.451593
0.601071
0.457601
0.491008
0.493863
0.467029
0.646290
0.355321
0.533836
0.214039
0.483029
0.486254
0.342052
0.317913
0.495276
0.524756
0.379988
0.556011
0.385090
0.509951
0.365379
0.565439
0.395757
0.546170
0.524981
0.356422
0.406019
0.533662
0.411265
0.413932
0.416599
0.397562
0.548706
0.424628
0.575584
0.557873
0.432570
0.415236
0.418084
0.569541
0.294187
0.426592
0.429411
0.580969
0.732620
0.438230
0.590020
0.444230
0.447151
0.450166
0.617818
0.620492
0.474254
0.610970
0.479355
0.616702
0.619717
0.473688
0.476739
0.778057
0.495211
0.634645
0.476500
0.640863
0.632565
0.497595
0.500450
0.801971
0.804972
0.658617
0.502748
0.664770
0.667784
0.529763
0.383068
0.527582
0.695278
0.548184
0.686517
0.546431
0.543003
0.540271
0.554576
0.551946
0.554873
0.408127
0.560765
0.563830
0.413628
0.267201
0.276245
0.425976
0.428933
0.431889
0.735795
0.588665
0.590194
0.443346
0.446238
0.449107
0.602158
0.605419
0.456977
0.462195
0.314174
0.614637
0.619514
0.622449
0.625355
0.628261
0.481500
0.634065
0.636942
0.490153
0.647522
0.655943
0.498849
0.501849
0.504675
0.657204
0.660146
0.663059
0.666067
0.677031
0.680248
0.674973
0.677886
0.381959
0.384967
0.537329
0.689597
0.692343
0.545721
0.548525
0.551395
0.393163
0.544902
0.410548
0.562547
0.552293
0.581672
0.706525
0.694930
0.725794
0.401018
0.433302
0.585244
0.572403
0.558866
0.726178
0.728555
0.433426
0.436005
0.604919
0.738382
0.759187
0.594759
0.597259
0.599875
0.622115
0.624985
0.479493
0.482457
0.464442
0.509893
0.661494
0.494588
0.690503
0.523517
0.698010
0.701684
0.581258
0.708793
0.589114
0.593085
0.719591
0.575613
0.579244
0.582940
0.733976
0.563359
0.833995
0.689749
0.545532
0.520183
0.522720
0.672219
0.674712
0.677205
0.503023
0.535546
0.538170
0.718250
0.721229
0.660755
0.580795
0.583650
0.765318
0.556272
0.738142
0.449122
0.597824
0.420497
0.568707
0.716815
0.609042
0.502117
0.614709
0.472210
0.438411
0.623021
0.733548
0.591013
0.593549
0.595984
0.492341
0.495189
0.603245
0.500892
0.648117
0.795080
0.653675
0.615564
0.762020
0.805993
0.479290
0.524075
0.627869
0.630246
0.432339
0.722076
0.637276
0.496428
0.400257
0.545887
0.736353
0.693793
0.741817
0.652595
0.700902
0.560888
0.421063
0.376597
0.568367
0.618528
0.479297
0.433911
0.436455
0.531756
0.441281
0.443499
0.587056
0.447999
0.450216
0.543315
0.595788
0.547134
0.689872
0.602339
0.745259
0.607035
0.468869
0.751868
0.753998
0.510320
0.618405
0.814124
0.623159
0.485696
0.627703
0.630000
0.547779
0.495479
0.497827
0.583592
0.641341
0.504740
0.645834
0.591469
0.707170
0.790891
0.597288
0.518632
0.717033
0.661378
0.584157
0.528024
0.530307
0.473471
0.691032
0.537416
0.282614
0.481819
0.620825
0.409816
0.488022
0.687952
0.628565
0.493936
0.495907
0.571903
0.636058
0.564743
0.702815
0.505994
0.508023
0.374495
0.511907
0.713402
0.850575
0.852430
0.654457
0.586657
0.523444
0.725620
0.392750
0.795674
0.665204
0.800160
0.534633
0.670284
0.471572
0.472420
0.473993
0.410040
0.545300
0.345414
0.548721
0.550402
0.552141
0.623115
0.625007
0.557127
0.691119
0.692532
0.694003
0.431005
0.503132
0.495399
0.709525
0.700931
0.510270
0.440549
0.442107
0.646921
0.517198
0.636747
0.651552
0.522024
0.523538
0.524988
0.599469
0.527894
0.456021
0.587911
0.458760
0.664204
0.535256
0.518582
0.593766
0.594926
0.725932
0.597013
0.413193
0.414497
0.600143
0.676335
0.752788
0.473848
0.474913
0.680966
0.628732
0.630029
0.555286
0.480189
0.557453
0.763803
0.612086
0.484326
0.485319
0.691727
0.615680
0.411062
0.617478
0.618347
0.490921
0.491849
0.698510
0.699488
0.622753
0.623681
0.702750
0.703793
0.577179
0.578302
0.500929
0.501921
0.375408
0.582534
0.631855
0.632667
0.633536
0.634406
0.508212
0.588527
0.636841
0.510907
0.638580
0.432860
0.513668
0.721142
0.722055
0.562258
0.643392
0.644087
0.599216
0.600049
0.726946
0.520806
0.521553
0.729294
0.397091
0.604868
0.605564
0.606252
0.481210
0.651856
0.401091
0.527299
0.609608
0.610238
0.654523
0.529618
0.530118
0.655914
0.656378
0.613528
0.406613
0.489204
0.697090
0.740447
0.615775
0.533829
0.491479
0.534524
0.617318
0.535140
0.327979
0.535959
0.661306
0.619492
0.537169
0.745143
0.496066
0.496595
0.414106
0.331515
0.497914
0.456796
0.623275
0.540554
0.748665
0.416715
0.624811
0.666407
0.833444
0.501719
0.502182
0.502632
0.419425
0.544134
0.668784
0.336965
0.420932
0.629094
0.337660
0.505327
0.753882
0.713779
0.754339
0.462731
0.546706
0.630768
0.671161
0.879374
0.631398
0.507465
0.631580
0.631580
0.463760
0.671915
0.631855
0.547931
0.423961
0.299948
0.756035
0.547989
0.547989
0.339878
0.631855
0.755774
0.839676
0.547626
0.423440
0.631246
0.755187
0.755056
0.506784
0.670987
0.630645
0.546663
0.630304
0.630232
0.546402
0.546337
0.630080
0.754208
0.838082
0.754339
0.462702
0.422469
0.714323
0.462833
0.422541
0.422541
0.754795
0.838734
0.714612
0.670987
0.795109
0.670929
0.506646
0.670987
0.422671
0.338697
0.630420
0.630290
0.630224
0.506059
0.630029
0.589476
0.670118
0.462173
0.421802
0.462115
0.462108
0.669944
0.545793
0.421642
0.629601
0.629732
0.629797
0.546025
0.297782
0.381626
0.670292
0.546199
0.505842
0.546134
0.670176
0.421744
0.629608
0.753687
0.669886
0.545547
0.545496
0.504943
0.545445
0.793804
0.585795
0.545141
0.380148
0.669074
0.504045
0.295941
0.420034
0.419845
0.711098
0.627413
0.460304
0.502856
0.627058
0.708728
0.751273
0.834603
0.377843
0.667451
0.542865
0.542619
0.417976
0.542228
0.541967
0.624985
0.832429
0.541083
0.416236
0.748339
0.498755
0.498385
0.622615
0.622195
0.829531
0.829241
0.745991
0.579961
0.537698
0.662233
0.454347
0.619572
0.661480
0.411439
0.618608
0.535669
0.535220
0.534778
0.699184
0.491160
0.451180
0.450839
0.532807
0.575497
0.532184
0.696227
0.406395
0.613514
0.531169
0.530923
0.487261
0.737577
0.611789
0.736795
0.529046
0.446774
0.527966
0.653073
0.734186
0.733664
0.525988
0.444086
0.606332
0.317348
0.605151
0.604593
0.522930
0.522430
0.728903
0.521415
0.727925
0.601368
0.393960
0.600383
0.473630
0.679973
0.725185
0.517908
0.643682
0.436382
0.470116
0.676096
0.768057
0.640957
0.513770
0.433172
0.512458
0.511777
0.717685
0.637362
0.636783
0.588665
0.508400
0.459854
0.713185
0.633188
0.377872
0.583273
0.709728
0.502711
0.629420
0.579664
0.706271
0.626985
0.832045
0.497320
0.496313
0.367278
0.443991
0.570910
0.441520
0.568540
0.490059
0.540191
0.693423
0.563678
0.562439
0.689901
0.688662
0.482109
0.557098
0.479616
0.683314
0.423469
0.475623
0.603738
0.602520
0.676466
0.470420
0.469123
0.542597
0.651849
0.595216
0.742425
0.796957
0.665378
0.533568
0.662574
0.530589
0.528988
0.585012
0.525886
0.451550
0.450122
0.579737
0.519430
0.780384
0.516169
0.442730
0.441245
0.642942
0.641377
0.436861
0.567388
0.707569
0.635246
0.501530
0.561939
0.630616
0.559214
0.627550
0.626050
0.491798
0.553822
0.552431
0.619985
0.549764
0.548373
0.482167
0.613919
0.612419
0.610854
0.609289
0.540257
0.672654
0.671357
0.469123
0.601593
0.533474
0.598723
0.530923
0.327095
0.594288
0.392293
0.456412
0.454557
0.522285
0.520719
0.384090
0.582222
0.580461
0.713989
0.712380
0.511328
0.780920
0.707547
0.570287
0.442187
0.639747
0.638268
0.772919
0.572961
0.559852
0.359676
0.494399
0.690923
0.825835
0.550721
0.563787
0.425599
0.484834
0.543612
0.344422
0.617159
0.752918
0.673560
0.534155
0.532198
0.609122
0.469645
0.409468
0.604238
0.464427
0.462688
0.322594
0.516480
0.652936
0.789514
0.787630
0.590447
0.727497
0.781753
0.640725
0.555025
0.581338
0.718786
0.577483
0.715033
0.573570
0.517647
0.623442
0.761194
0.425817
0.423672
0.281346
0.419613
0.558062
0.748643
0.605941
0.655269
0.793587
0.740324
0.546634
0.685727
0.592904
0.590592
0.679988
0.395264
0.485529
0.532742
0.530742
0.528734
0.336776
0.620514
0.664827
0.662914
0.565874
0.516799
0.703663
0.701438
0.653189
0.508632
0.649247
0.504400
0.547271
0.687923
0.542677
0.727555
0.350799
0.491950
0.489943
0.631275
0.815603
0.584780
0.625246
0.479493
0.621260
0.660653
0.617202
0.615173
0.613173
0.651508
0.609274
0.462999
0.461036
0.603578
0.457050
0.493827
0.636261
0.633942
0.631623
0.629253
0.589462
0.442230
0.622202
0.801841
0.726707
0.651624
0.577490
0.575534
0.608948
0.461101
0.569722
0.456528
0.600114
0.563953
0.562142
0.706264
0.591737
0.589556
0.554547
0.731294
0.664552
0.548561
0.546532
0.398149
0.511400
0.864764
0.423056
0.390525
0.388706
0.710424
0.678698
0.530271
0.704771
0.673668
0.700728
0.698684
0.549634
0.666530
0.370517
0.663081
0.661298
0.686771
0.444317
0.441883
0.560286
0.558054
0.608086
0.579606
0.551619
0.722613
0.597868
0.570251
0.740403
0.565598
0.563359
0.512763
0.682669
0.556453
0.530705
0.380684
0.674458
0.524473
0.693111
0.645986
0.540525
0.538271
0.492501
0.490733
0.488964
0.614231
0.485413
0.483645
0.778463
0.459615
0.437853
0.436455
0.454716
0.750092
0.490022
0.617441
0.764187
0.613789
0.611963
0.610093
0.590179
0.606332
0.753158
0.453811
0.285933
0.598680
0.431208
0.594853
0.592984
0.575048
0.573374
0.556141
0.421135
0.404272
0.730802
0.565200
0.563642
0.412946
0.560352
0.409555
0.882685
0.744853
0.716040
0.714105
0.562939
0.560982
0.695945
0.419845
0.417555
0.564577
0.562374
0.709525
0.546938
0.544829
0.532278
0.530423
0.548822
0.536829
0.375800
0.523502
0.390554
0.379336
0.368684
0.516524
0.830581
0.662958
0.519785
0.368546
0.666001
0.664371
0.662769
0.661132
0.666291
0.365278
0.506523
0.504806
0.503153
0.501501
0.350175
0.653392
0.646283
0.355726
0.498624
0.641790
0.635565
0.488892
0.491320
0.485305
0.629449
0.481783
0.629753
0.478304
0.476565
0.627449
0.622934
0.471609
0.320189
0.617970
0.616304
0.616347
0.463260
0.311884
0.609680
0.607984
0.456564
0.454303
0.453753
0.601694
0.599730
0.598035
0.297072
0.445317
0.592882
0.590317
0.438679
0.439288
0.588940
0.584375
0.432998
0.579099
0.279962
0.427998
0.426302
0.272143
0.419990
0.421150
0.569222
0.564011
0.419737
0.410577
0.263027
0.261316
0.413722
0.557308
0.560460
0.409323
0.407852
0.555996
0.698554
0.696822
0.395931
0.394214
0.548373
0.540481
0.538822
0.537198
0.834843
0.683683
0.532553
0.531089
0.529495
0.685205
0.675799
0.383344
0.523118
0.372017
0.511328
0.509560
0.666357
0.673958
0.663277
0.671183
0.650465
0.509197
0.497631
0.506081
0.514806
0.502835
0.661313
0.499552
0.519980
0.518705
0.345211
0.492834
0.502893
0.489363
0.499704
0.647254
0.496400
0.482051
0.480261
0.478377
0.639080
0.623898
0.608289
0.471137
0.320254
0.304210
0.778383
0.613014
0.477007
0.326413
0.458492
0.605571
0.470311
0.468514
0.301688
0.316058
0.463210
0.461470
0.608629
0.738556
0.622514
0.752310
0.453267
0.600288
0.450021
0.597056
0.595404
0.593788
0.610963
0.590426
0.440223
0.457985
0.436861
0.415331
0.561721
0.451926
0.578367
0.428425
0.575142
0.404359
0.444832
0.422077
0.398946
0.545271
0.521437
0.519372
0.413845
0.264092
0.410425
0.556757
0.555069
0.576657
0.403671
0.378068
0.499842
0.397989
0.396134
0.345001
0.539930
0.390250
0.388221
0.360705
0.705134
0.529952
0.528031
0.499632
0.523944
0.495088
0.345588
0.665132
0.690546
0.513770
0.658827
0.362567
0.626311
0.681480
0.503835
0.677814
0.470493
0.497755
0.642609
0.640551
0.461536
0.605897
0.487588
0.632116
0.305876
0.627898
0.625797
0.623594
0.328856
0.440803
0.438462
0.582266
0.466746
0.285368
0.316478
0.572613
0.424345
0.276150
0.128028
0.417186
0.414874
0.447513
0.445404
0.624202
0.259852
0.584288
0.545873
0.579882
0.432498
0.248258
0.573142
0.388467
0.530981
0.673444
0.526111
0.562069
0.415106
0.374198
0.371887
0.553286
0.301622
0.444129
0.402221
0.584404
0.582295
0.620898
0.434092
0.576055
0.429954
0.427867
0.527705
0.567424
0.379307
0.621456
0.518096
0.702112
0.513110
0.367394
0.552170
0.505907
0.360473
0.501110
0.498660
0.496313
0.539235
0.634188
0.489080
0.344168
0.484167
0.481703
0.336957
0.381539
0.663559
0.661124
0.468905
0.324500
0.370437
0.461354
0.268288
0.456093
0.453441
0.500429
0.539575
0.445586
0.442832
0.631703
0.347451
0.537068
0.572555
0.480964
0.426512
0.423759
0.613796
0.471188
0.555779
0.466326
0.463891
0.407511
0.458818
0.456325
0.453789
0.396366
0.643269
0.585592
0.305210
0.636841
0.634739
0.463420
0.517190
0.432926
0.569004
0.289934
0.564084
0.481326
0.617209
0.360321
0.357799
0.355292
0.549525
0.409700
0.269940
0.404946
0.402620
0.340045
0.534916
0.395475
0.590853
0.390627
0.388257
0.460550
0.321522
0.318797
0.514676
0.574881
0.572548
0.506864
0.440665
0.501537
0.363401
0.360734
0.358024
0.355364
0.352697
0.349842
0.347081
0.478710
0.475768
0.472775
0.402714
0.600788
0.463898
0.460956
0.458014
0.523299
0.455948
0.246736
0.243402
0.309587
0.439093
0.435795
0.432447
0.297014
0.293789
0.422302
0.490631
0.284194
0.412106
0.408707
0.332493
0.606028
0.399018
0.543416
0.336537
0.259345
0.386032
0.307775
0.174820
0.247040
0.297151
0.445796
0.314014
0.286477
0.283107
0.357016
0.225807
0.350777
0.347733
0.423056
0.469246
0.290448
0.462927
0.412135
0.329674
0.280100
0.576816
0.527792
0.524981
0.315217
0.348936
0.309587
0.306949
0.593259
0.426454
0.505835
0.420548
0.292999
0.165805
0.287673
0.368473
0.489950
0.611267
0.360915
0.274078
0.394909
0.268802
0.559663
0.680430
0.346654
0.135789
0.464442
0.130774
0.372785
0.456717
0.454296
0.538909
0.449383
0.412830
0.653378
0.441846
0.318391
0.525205
0.313645
0.311319
0.518437
0.547351
0.304572
0.302289
0.299999
0.297760
0.415033
0.412700
0.200574
0.288912
0.377553
0.494276
0.492138
0.280006
0.251352
0.394004
0.483768
0.481667
0.479565
0.384844
0.382554
0.287260
0.495240
0.469130
0.350233
0.231569
0.135919
0.555243
0.132267
0.246526
0.223141
0.147717
0.566888
0.238308
0.562468
0.329624
0.347117
0.421664
0.227887
0.436824
0.356676
0.547315
0.237417
0.332073
0.427085
0.408482
0.423251
0.421280
0.305782
0.092787
0.204104
0.624507
0.509646
0.409381
0.196089
0.405453
0.403460
0.302318
0.399583
0.509618
0.296216
0.182581
0.280614
0.067394
0.277114
0.175117
0.485442
0.383141
0.381278
0.379510
0.267346
0.164594
0.273273
0.373090
0.371488
0.369886
0.579961
0.476551
0.365596
0.364278
0.362828
0.361415
0.360096
0.467920
0.357669
0.253707
0.355277
0.462673
0.456050
0.243446
0.242489
0.458137
0.245446
0.352473
0.238750
0.237931
0.345016
0.348125
0.343074
0.238257
0.237301
0.552040
0.447136
0.443064
0.338117
0.229967
0.229235
0.228554
0.227786
0.226931
0.333153
0.225293
0.226648
0.435556
0.329972
0.329145
0.433237
0.327319
0.326399
0.220256
0.006479
0.429034
0.217140
0.216024
0.214546
0.531481
0.106969
0.317761
0.528249
0.421258
0.419744
0.313703
0.312703
0.311608
0.206256
0.415845
0.519973
0.413845
0.412888
0.305050
0.197052
0.409903
0.301920
0.512777
0.300188
0.299209
0.298267
0.190052
0.404163
0.611883
0.506965
0.290970
0.290035
0.292854
0.399844
0.399120
0.502132
0.397525
0.392337
0.076214
0.183624
0.286462
0.389199
0.073511
0.284535
0.392279
0.495015
0.494450
0.596955
0.173124
0.281252
0.280723
0.388974
0.388568
0.490993
0.381735
0.169674
0.169153
0.066046
0.168486
0.174298
0.282890
0.378807
0.275744
0.378032
0.384191
0.281346
0.376880
0.164979
0.273824
0.273614
0.273462
0.382481
0.375365
0.272578
0.381496
0.067300
0.169254
0.168834
0.380017
0.277440
0.379380
0.167551
0.269396
0.269020
0.268549
0.158442
0.267570
-0.054126
0.266592
0.164051
0.053575
0.162710
0.272041
0.153239
0.262657
0.363517
0.269896
0.370713
0.370162
0.369698
0.258881
0.258236
0.156413
0.247794
0.256497
0.265403
0.255439
0.245207
0.465702
0.253570
0.363785
0.252664
0.463594
0.362364
0.361872
0.250606
0.250193
0.350371
0.259947
0.360161
0.359872
0.349096
0.348893
0.248265
0.348552
0.448680
0.247678
0.247490
0.236598
0.358248
0.135803
0.246714
0.357669
0.346603
0.257099
0.246091
0.245903
0.356886
0.345726
0.245504
0.134339
0.245634
0.245634
0.234532
0.245482
0.134296
0.234402
0.456854
0.245345
0.144985
0.245084
0.467703
0.467840
0.245424
0.245613
0.256686
0.245685
0.145507
0.356973
0.356886
0.134310
0.345538
0.356393
0.356219
0.244729
0.133252
0.244366
0.344262
0.466652
0.566482
0.454912
0.454753
0.243084
0.142796
0.242555
0.342233
0.553475
0.341762
0.353176
0.241366
0.241178
0.129310
0.452115
0.451955
0.451796
0.240178
0.028603
0.140246
0.351552
0.351378
0.127832
0.139601
0.239025
0.238873
0.462217
0.226423
0.238330
0.449528
0.237967
0.225728
0.126064
0.225619
0.449107
0.337291
0.560787
0.337160
0.125832
0.337117
0.448825
0.237359
0.361386
0.249540
0.336849
0.125542
0.336849
0.237301
0.137753
0.038205
0.237301
0.336849
0.237264
0.125194
0.125093
0.336436
0.348741
0.348741
0.348654
0.124759
0.236554
0.336059
0.224206
0.448013
0.249004
0.124643
0.435418
0.236344
0.236214
0.447390
0.248287
0.446948
0.359850
0.235083
0.346914
0.122614
0.135071
0.234083
0.345842
0.345581
0.556765
0.345146
0.344769
0.133144
0.331066
0.442948
0.442665
0.019573
0.243859
0.454840
0.130745
0.130347
0.116339
0.439680
0.227837
0.424911
0.226945
0.226452
0.338537
0.014030
0.126201
0.336914
0.223568
0.222981
0.335349
0.236583
0.236134
0.333957
0.333551
0.219996
0.430657
0.218959
0.233569
0.217995
0.119505
0.232380
0.118759
0.000072
0.426722
0.344132
0.101164
0.198444
0.409258
0.311050
-0.095787
0.098773
0.211763
0.097410
0.421613
0.518328
0.323029
0.305753
0.419026
0.224126
0.417765
0.320073
0.205364
0.433005
0.529263
0.317638
0.220314
0.202190
0.104896
0.200814
0.428976
0.199321
0.313116
0.197770
0.311637
0.310826
0.406163
0.405250
0.289448
0.422447
0.306681
0.420976
0.400707
0.515024
0.303405
0.167442
0.397330
0.090453
0.205278
0.299869
0.278745
0.393540
0.297695
0.391989
0.296332
0.274505
0.273592
0.293984
0.619949
0.197937
0.291781
0.407229
0.290361
0.289636
0.056249
0.171863
0.193364
0.192784
0.286129
0.262751
0.284564
0.189929
0.166160
0.282100
0.374807
0.373858
0.279491
0.161529
0.160565
0.159696
0.251845
0.275085
0.063807
0.155725
0.154703
0.296158
0.177675
0.176725
0.360719
0.359676
0.148405
0.357683
0.264563
0.263693
0.354741
0.261925
0.169160
0.378293
0.377322
0.257809
0.375474
0.347139
0.318420
0.134868
0.252736
0.342806
0.222757
0.459912
0.339675
0.338378
0.156152
0.336037
0.215329
0.333544
0.332312
0.360727
0.539307
0.418193
0.327247
0.446086
0.235344
0.354321
0.322239
0.200661
0.199350
0.229489
0.316899
0.315413
0.136789
0.344987
0.101997
0.309978
0.429715
0.340472
0.306021
0.217053
0.303644
0.302412
0.213575
0.212329
0.211140
0.175262
0.295738
0.329406
0.328160
0.082591
0.081265
0.202241
0.323377
0.163421
0.198328
0.233706
0.318399
0.402888
0.278600
0.400062
0.313311
0.188849
0.395888
0.186327
0.269889
0.144934
0.182327
0.096512
0.427135
0.426019
0.176878
0.383365
0.173892
0.256084
0.462354
0.294006
0.043719
0.291339
0.372865
0.246410
0.577244
0.285586
0.409251
0.282694
0.363343
0.154500
0.153195
0.151833
0.150500
0.481826
0.354603
0.146007
0.270404
0.556837
0.474507
0.139948
0.345103
0.263208
0.261867
0.340624
0.132673
0.417505
0.542691
0.334754
0.253975
0.379829
0.251511
0.122875
0.327471
0.453354
0.324384
0.195277
0.037132
0.192009
0.190357
0.110962
0.365683
0.185972
0.390127
0.439506
0.232663
0.308384
0.435360
0.228655
0.303883
0.302296
0.095512
0.351871
0.221590
0.372104
0.552967
0.293079
0.162232
0.214713
0.288535
0.362046
0.155652
0.079018
0.281817
0.280035
0.352567
0.146405
0.200828
0.199234
0.067220
0.065539
0.063974
0.396815
0.133615
0.189755
0.464340
0.186588
0.185052
0.255577
0.122375
0.323464
0.249729
0.176457
0.174841
0.304999
0.374408
0.372669
0.370930
0.369256
0.235315
0.428259
0.029480
0.097410
0.228032
0.289607
0.357328
0.222706
0.220836
0.283375
0.217184
0.215423
0.145507
0.209343
0.275795
0.140586
0.340001
0.203698
0.336718
0.335124
0.333450
0.131020
0.330102
0.328428
0.461246
0.459724
0.257722
0.121658
0.385771
0.318602
0.251765
0.315203
0.313384
0.311500
0.374148
0.108346
0.170703
0.240286
0.103135
0.101468
0.163203
0.369821
0.232503
0.230953
0.291948
0.227677
0.362292
0.286709
0.284904
0.146615
0.281180
0.354502
0.475304
0.473478
0.547655
0.348364
0.270237
0.268396
0.266686
0.127723
0.340784
0.398830
0.593940
0.532785
0.255867
0.116527
0.331631
0.330044
0.132231
0.130702
0.129173
0.162681
0.241279
0.239294
0.237308
0.373807
0.233308
0.313522
0.173182
0.144927
0.142753
0.307014
0.221930
0.220010
0.078960
0.355538
0.408403
0.351639
0.155732
0.208104
0.012363
0.203922
0.341697
0.339653
0.197625
0.142644
0.280962
0.471804
0.189030
0.186849
0.132905
0.130934
0.320848
0.318681
0.406569
0.263758
0.171276
0.027980
-0.024204
0.397641
0.445325
0.160558
0.251011
0.200458
0.105932
0.200995
0.482268
0.148420
0.240497
0.096773
0.047488
0.187893
0.280158
0.182632
0.276230
0.274273
0.272310
0.081844
0.268259
0.266302
0.264345
0.119563
0.117527
0.302999
0.256316
0.111121
0.252200
0.106932
0.291644
0.059481
0.201045
0.242018
0.282694
0.052089
0.092577
0.090635
0.130426
0.128194
0.043263
-0.061177
0.183950
-0.002522
0.324884
-0.005377
0.177711
0.216278
0.214662
0.173341
0.171906
0.026016
0.313580
0.245765
0.205256
0.203712
0.096120
0.307029
0.343907
0.014711
0.196031
0.232119
0.085453
0.336472
0.152703
0.296419
0.331972
0.040111
0.328906
0.182139
0.144318
0.288245
0.286854
0.104324
0.174088
0.062293
0.241279
0.023733
0.132919
-0.014204
0.164522
0.162790
0.161109
0.159297
0.303340
0.268070
0.120484
0.298122
0.296427
0.261983
-0.031842
0.259084
0.175783
-0.036480
0.222793
0.253113
0.136622
0.134745
0.248417
0.246794
0.391851
0.243721
0.095461
0.123861
0.121991
0.266947
0.059351
0.234098
0.085547
0.259642
0.200473
0.108817
0.225749
0.315123
0.047386
0.073337
0.273418
0.244120
0.269070
0.119614
0.238380
0.262838
0.139274
0.136919
0.134564
-0.040886
-0.043132
0.102273
0.100055
0.245518
0.267679
-0.030364
0.115034
0.384786
0.382641
0.107853
0.253410
0.398808
0.373590
0.348864
0.198596
0.196379
0.045995
0.043806
0.359248
0.039451
0.334088
0.311616
0.329899
0.159428
0.305913
0.323471
0.191965
0.170551
0.298217
0.166182
0.163964
0.143833
0.141920
0.157638
0.269744
0.302246
0.151442
0.314855
0.131078
0.278266
0.143746
0.274998
0.139963
0.138006
0.269896
0.432143
0.415613
0.115831
0.128419
-0.022494
-0.024342
0.136673
-0.014269
0.119679
0.131093
0.252591
0.101918
0.249555
0.098903
0.121817
0.107940
0.255562
0.403229
0.252280
0.388699
0.249164
0.087482
0.107686
0.255367
0.243337
0.252193
0.101309
0.239178
0.247562
-0.062307
0.225626
0.224358
0.232373
0.231018
0.089062
0.078786
-0.071916
0.084786
0.083410
0.372887
0.355603
0.071742
0.227902
0.234322
0.068155
0.066981
0.365024
0.214379
0.362835
0.055655
0.217901
0.210089
0.215735
0.065148
0.213568
0.212343
0.061452
0.060293
0.053285
0.207785
0.344827
0.050350
0.204451
0.048394
0.197089
0.051741
0.195263
0.349001
0.198524
0.043306
0.346552
0.196212
0.195487
0.190183
0.193973
0.193255
0.192545
0.037893
0.182762
0.032465
0.031886
0.181037
0.180523
0.180008
0.037176
0.182487
0.181900
0.177740
0.030849
0.179689
0.029088
0.174747
0.180073
0.026479
0.025697
0.174638
0.320826
0.025943
0.174849
0.171675
0.021392
0.317855
0.169761
0.021523
0.168319
0.017936
0.168812
0.164297
0.165341
0.014935
0.014283
0.163522
0.161580
0.012979
0.162218
0.160478
0.311130
0.312217
0.310804
0.162087
0.163015
0.012993
0.161297
0.010370
0.009160
0.160007
0.308507
0.158688
0.160862
0.010044
0.159870
0.458282
0.307579
0.160435
0.309072
0.160812
0.161073
0.162631
0.312565
0.312782
0.163421
0.160957
0.164145
0.166080
0.013827
0.312000
0.312464
0.316333
0.167269
0.167921
0.168508
0.169160
0.165725
0.018653
0.017102
0.169501
0.167819
0.170544
0.171131
0.174102
0.174617
0.172588
0.020755
0.023805
0.024392
0.324486
0.325124
0.029349
0.179602
0.476522
0.327443
0.181559
0.179015
0.329203
0.329790
0.330298
0.031632
0.182008
0.040335
0.029856
0.030320
0.184414
0.334783
0.185980
0.190886
0.337182
0.188190
0.193190