%%MatrixMarket matrix array real general
%
%   This file is created containing b to solve AX=b using CHOLMOD library
%
	315	1
	-104527.09399
	87084.01536
	-466747.39234
	-227871.18592
	113642.60556
	-497557.28070
	10311.44805
	18036.85697
	-3502.33984
	214757.94192
	192060.13659
	-3325.87060
	    0.16399
	-28234.15193
	 9430.46274
	-44755.22927
	13707.87769
	64725.44435
	21637.61859
	26490.37164
	-204492.75060
	-40330.54037
	 5153.86830
	 9675.06073
	-59840.48516
	95679.17163
	-16652.04644
	   -3.63407
	-25521.90411
	-5091.12860
	-183359.61834
	-19000.45563
	208471.98100
	15321.83235
	31628.87055
	-213114.40568
	-47420.29709
	-7751.73882
	51576.85263
	-78497.10988
	75953.28006
	-5835.39541
	  -16.07148
	-1127.52208
	  -16.99037
	36672.72123
	23927.18704
	-75965.64576
	-26367.55703
	-9016.45284
	22343.60400
	-16516.08296
	 6141.00111
	62782.10781
	-10460.82346
	 5781.77650
	-31943.83072
	   -7.63382
	-10707.26036
	-1074.47815
	62275.45992
	-31047.94838
	146104.76938
	-170638.14720
	48493.27922
	-118335.21285
	-58972.21237
	25638.28852
	-47671.09214
	-41758.10834
	97235.95315
	23846.25884
	   37.14076
	 2761.29765
	29676.49015
	53026.45233
	-6439.14528
	19147.33094
	-75653.43336
	54687.08550
	-239167.62231
	-22243.89261
	13822.77562
	-119396.72499
	-6820.36736
	90085.40571
	45107.14153
	   54.68692
	-17611.68586
	-12497.65812
	11824.71292
	 3695.01476
	-14588.44135
	10960.06535
	 6265.72414
	-44708.91759
	-12847.63334
	 6110.79893
	-5755.67685
	  502.22813
	15867.77116
	-8405.13817
	    4.05324
	 -311.68913
	 -112.81592
	-63972.34277
	-16174.33347
	193473.94205
	74421.24448
	36839.72002
	-54617.65122
	12132.37154
	 6326.31981
	-17302.54025
	-62045.42590
	-20235.10687
	-12528.45286
	    0.35747
	-31446.92511
	-9164.08741
	25566.69275
	21078.55649
	-145940.53543
	21120.50757
	-3959.73848
	-57385.12939
	-10556.49606
	-14664.28272
	32532.11790
	38195.26099
	14295.08051
	-17142.90077
	   -6.77907
	-8922.82749
	 -790.25911
	82729.37319
	-37670.45094
	227191.34916
	-8212.02614
	48241.93347
	-356129.09461
	-6406.97934
	10455.80543
	-129751.25966
	-88399.34325
	105145.82242
	37640.22558
	   40.34381
	 1739.30214
	 -704.07744
	158901.97777
	-10329.34884
	-79193.05729
	-123700.80389
	-43373.05602
	 -605.28530
	64916.25218
	34070.91464
	-43963.68182
	57910.95576
	-64850.68402
	31112.89288
	   44.00467
	  -83.00140
	29872.99801
	54508.10724
	-1213.30826
	-36019.07747
	30252.56378
	17708.98649
	-188413.91140
	-5929.67895
	 9198.89884
	-7880.64915
	 7977.27430
	52114.84784
	29075.82756
	   13.65728
	36556.58090
	 2328.42556
	106337.36220
	44527.53344
	-425914.65010
	93811.54955
	24785.70796
	-374613.17053
	-10340.78380
	-12169.75397
	165584.00457
	185174.64641
	170646.79839
	-62336.75109
	  -76.72083
	-65170.44518
	-9130.61297
	151385.21747
	 6906.20553
	-688260.95827
	107720.71763
	38604.73040
	-104096.19705
	-45797.00727
	-19192.13185
	123163.65109
	116848.80966
	112015.98011
	-36742.57658
	  -14.30117
	-4810.55451
	 -106.45050
	-58822.21107
	20347.87039
	-45497.49700
	150118.41331
	-82283.75601
	376427.10632
	58364.47130
	-46257.70783
	165858.61832
	18617.24373
	-159334.01160
	-61849.48318
	 -123.86721
	-41325.53216
	-9279.20574
	241209.78981
	-114014.63139
	660347.94865
	44298.03557
	-57534.02333
	420429.21137
	59217.53190
	-53925.77818
	269495.14073
	-231249.67643
	-149865.19031
	-98509.68438
	 -147.36402
	-104044.41745
	-21725.67925
	-210401.92014
	51945.14593
	-247500.38827
	224381.57860
	-120165.26417
	607281.31863
	114428.62379
	-68345.07571
	283282.91579
	102300.82635
	-281088.10955
	-122646.81489
	 -177.29910
	-110527.23506
	-24574.16110
	-466228.88383
	-64855.73114
	990281.29073
	74355.17981
	37414.95584
	-306229.26688
	170686.38338
	25032.65353
	-307979.65007
	-255267.99977
	 6492.49361
	80569.87632
	   60.20867
	33849.62473
	 2059.85067
	91803.74463
	32523.25484
	-220761.16988
	-35411.10655
	-2427.10297
	10460.19009
	23949.22063
	-8940.21502
	45024.82905
	101451.63162
	-22713.04353
	 3809.67137
	   -5.75493
	-32263.66832
	-9172.36245
	-50951.14527
	-6102.91375
	170368.81687
	-7926.15605
	 8414.16031
	150555.43359
	 -985.13186
	-15440.10393
	126439.87665
	-44803.52547
	-70214.72021
	-29168.08792
	  -40.64468
	-47557.97158
	-12518.75000
	-68999.57866
	41934.50990
	-229831.19891
	-10060.00978
	-10998.28761
	20072.46997
	45119.12289
	-28615.00976
	117131.19750
	74484.41674
	-16224.51980
	-47218.62457
	  -70.06701
	-69299.36605
	-26017.52640
