%%MatrixMarket matrix array real general
315 1
.0007846537642829865
.0013981678990125606
.0007545611153397027
-6.253615513984757e-5
.0007829942743388592
-3.5542760773747255e-5
9.369341006369067e-5
.0028591455202909987
-.0013322410867124923
.001495968182421241
-.00012128081038530933
-.002407128702797537
5.057507835297573e-7
-.009896096484000406
.015403184088623238
-.00022945543148425327
.00041820931720126114
-.00016482746559422175
-.00011342212131089042
.0003079090181004243
2.7072833869720877e-5
-.001469736679329095
.001704991056621225
-.0008587623692347605
-.00015849557296733122
.00020318071774731478
.00019727843157468197
-1.3201377119574857e-7
-.00900974895149846
-.0023016823117017818
.0006912062124589677
-2.0223602141578426e-5
.0002307592483935442
1.2502693050207096e-5
.0018368595649818577
4.848671710089572e-5
-.005383246989562761
-.0031523501436749356
.002343075497995998
9.027401615165792e-5
5.5710090336182376e-5
.0064330887274072265
5.445462478110503e-7
.0010116035931074152
3.9408765032027704e-5
-.0004295763550092898
.00037783203465258
-.0002702107015511191
-4.778996433351162e-5
.0002468258382551199
3.114197604242157e-5
-.000715184066376452
.0025042855939773055
-.00028092835331423047
-.000343673226092651
.00012892426381361027
.0004820957153933181
-1.5548010264876886e-7
-.0071262671033344265
-.0007767292902202441
-5.3418254567787595e-5
4.976976579733822e-5
.0007967086662500022
.0006223933327828648
-.0005275990389236475
.0011686315088300214
-.0011493688610384402
.002141172484896593
-.002843486936202979
.002107894824246942
.0029873971045668696
-.0024134542401777603
-5.048011357819874e-8
-.00986329969891287
.017827074360637258
.0004474570189909555
-.00015156574047733772
.0013063780215186727
-.0007160519692971951
.00221042234400468
.00016481771150566126
.001791352630787679
.001828417597980613
-.0034900915452175225
.002594333276199898
-.0006248983031935129
-.0009741483172965187
3.630437272366096e-7
-.010963499723259103
-.0032858956324313794
.001825041668508973
.0007462900797222095
.0008179857191467244
-.00020536194298132653
.002382599941668344
-2.5380871597056286e-5
-.0023956818241661223
.0016707809417205672
-.0009237378021582635
.0006609134937862158
-.0001709768041248261
-.003973841717654502
1.7231020572952996e-6
-.00047711399492858395
-6.397735823565382e-5
-3.505305141535479e-5
-.0002502596983230639
-1.6994702319510657e-5
7.33058227967893e-5
.000897817410227185
-3.3921619645797546e-5
.0006838699295374696
.002245678575817429
-.0007903227622497543
-9.232197667813678e-5
-.0004802840572499137
5.566300179418937e-5
1.3978604825563298e-7
-.0052013611450667085
-.0013849308045689789
.00034345331051781694
.0010882401820355198
.00015674765584082804
-.00011475184306459538
.00107951733287894
5.614890493832766e-7
-.00273501042012139
-.0072431453396862
-.001979990836689672
-4.638177035029768e-5
4.8971232959433315e-5
-.0015343847110383336
3.33234347308607e-7
-.005931599608875422
-.0005727773982422548
.0003678900746102986
-.0003271264155465588
-5.555430173554073e-5
2.689093121079485e-5
.0007363146365417353
-.00011170311583323225
-.0026205962660762836
-.003382788770474903
-.0015434319137287546
-.00013648091781417668
-.0003553364994820604
.0004199252185829379
1.7695155933188283e-7
-.008379766145767662
-.0015736711479157105
.000972976881088204
-.00033341911380364815
.000560810265683101
-.00013475652178223632
-.00033230019290171543
-.0002188473384163387
.00032720988396964154
.0039306576369231815
.0002446277505554643
.0008001878773494889
-.0005586939793073224
.0007133377098428543
3.8631508089459954e-7
-.012335757535557665
.021112812189928446
.0030555856486746027
-.0004904489217940288
.0009158783613063592
.00010467778867686951
.003135387322613898
-.0002685434047622161
-.00039015642145513735
.006545193296559318
.00975433919162301
.001949289454716541
-.0006185490602774367
.009102913313191052
1.6298241095568134e-6
.031755257963613344
.0020233807735531802
.0010101033394074802
2.8310598587674187e-5
.0008872292779092274
-2.2606767459138734e-5
.0008854710020853964
-.00012508673998939463
-.00046033704187061457
.0010290329212183542
-.0005303575704098325
.0004666128882169923
-.0007971658205489702
.0012125844838175152
4.565830038375247e-7
-.021713140301349534
-.0030027043605340632
-8.459780119183311e-5
-.0007707769727122794
-.00013026544009675907
3.859155693433046e-6
.0015430967794838424
1.2125668796801067e-5
.0006914102799195653
-.009433230171850672
.00027888707055241457
-.00011172696401175852
-.00011931310275612367
.0007865690193005365
1.0764516842176936e-7
-.0014102708841134469
-3.8322519002789296e-5
-.0005380662564327919
-.0007562650591726146
-.0006522026987028399
-.00046064438114788676
.002549637201705712
-.0011960439185076893
-.0017961165229002996
-.005955624764814874
.0004072863534261716
-.0017916602478847937
-.00454204568703111
.0037571885541447573
1.8091136983032124e-7
-.012315063442024984
-.0039832577040444595
.002058536187360781
.003634027521235827
.0011990479940969352
.00014421388459470618
.0015121256310065133
.00047421027611093693
-.002094208675520669
-.005728048757726064
-.004064460857841624
.00360059309071042
.00037422320254381757
.001971322282902066
1.446305874644933e-6
-.03218190540278083
-.00870274983970131
.0009765560803967622
-.0027264273451115617
-.0002958441483702274
-.00018607970997064745
.00319979875484411
-8.913196169673686e-5
.0016815718712266422
-.0017690416038961569
-.0005715341413773859
.00018119944691116159
-.0010200189003358897
.0033368093504979996
1.2733747113108348e-6
-.018900936426093445
-.004580026704673492
-.00047579713494918147
5.7496739687668795e-5
-.0012527351015057776
-.00041626008300861485
-.00209859898203607
9.924818863539827e-6
.002023040842430688
.001925908305394284
-.005350434267847187
-.0011529144173229153
.0002808608740173176
-.006323184320273134
-6.462156251833089e-7
.012978206115176033
.001055195107953343
.0014230921467549944
9.830972167795537e-5
.0010384601095134894
-.00014238087097018598
.0011861415903928357
-.00016990129908147242
-.003228703347994369
-.00012673639761646
.001492971419746875
.0009755734900557372
-.0003987848281875332
.003200308872893081
1.0194096888182988e-6
-.01032988081978904
-.004182598057934842
2.234602783056089e-5
.0006439325596380237
-.00023376644371543437
-.0005087509857693065
.0011570880293622298
-.0006781849263615997
.000779807209532409
-.0008886904954651336
-.0010442570749683256
-.0007267383601035664
-.002790889157861693
.00019501306483416767
1.1000261083402887e-7
-.009280790070291629
-.0031936735942205345
.0009013044952346172
-8.642625284081343e-5
.0004927153487434274
-9.574780684621346e-5
8.67365674272065e-5
-.0001484863110604631
-.0018045629669302507
.0017133140579185771
.0002805038495181708
.00036431713943478096
-.00043524943936054905
.0012999543941539444
4.216505189627005e-7
-.006773048596863433
-.005849710281206097
