  0.0000000000000000E+00
  0.1381966011250105E+04
  0.3618033988749895E+04
  0.5000000000000000E+04
  0.6381966011250105E+04
  0.8618033988749896E+04
  0.1000000000000000E+05
  0.1138196601125010E+05
  0.1361803398874990E+05
  0.1500000000000000E+05
  0.1638196601125010E+05
  0.1861803398874990E+05
  0.2000000000000000E+05
  0.2138196601125010E+05
  0.2361803398874990E+05
  0.2500000000000000E+05
  0.2638196601125010E+05
  0.2861803398874990E+05
  0.3000000000000000E+05
  0.3138196601125010E+05
  0.3361803398874989E+05
  0.3500000000000000E+05
  0.3638196601125011E+05
  0.3861803398874989E+05
  0.4000000000000000E+05
  0.4138196601125011E+05
  0.4361803398874989E+05
  0.4500000000000000E+05
  0.4638196601125011E+05
  0.4861803398874989E+05
  0.5000000000000000E+05
  0.5138196601125011E+05
  0.5361803398874989E+05
  0.5500000000000000E+05
  0.5638196601125011E+05
  0.5861803398874989E+05
  0.6000000000000000E+05
  0.6138196601125011E+05
  0.6361803398874989E+05
  0.6500000000000000E+05
  0.6638196601125010E+05
  0.6861803398874990E+05
  0.7000000000000000E+05
  0.7138196601125010E+05
  0.7361803398874990E+05
  0.7500000000000000E+05
  0.7638196601125010E+05
  0.7861803398874990E+05
  0.8000000000000000E+05
  0.8138196601125010E+05
  0.8361803398874990E+05
  0.8500000000000000E+05
  0.8638196601125010E+05
  0.8861803398874990E+05
  0.9000000000000000E+05
  0.9138196601125010E+05
  0.9361803398874990E+05
  0.9500000000000000E+05
  0.9638196601125010E+05
  0.9861803398874990E+05
  0.1000000000000000E+06
  0.1013819660112501E+06
  0.1036180339887499E+06
  0.1050000000000000E+06
  0.1063819660112501E+06
  0.1086180339887499E+06
  0.1100000000000000E+06
  0.1113819660112501E+06
  0.1136180339887499E+06
  0.1150000000000000E+06
  0.1163819660112501E+06
  0.1186180339887499E+06
  0.1200000000000000E+06
  0.1213819660112501E+06
  0.1236180339887499E+06
  0.1250000000000000E+06
  0.1263819660112501E+06
  0.1286180339887499E+06
  0.1300000000000000E+06
  0.1313819660112501E+06
  0.1336180339887499E+06
  0.1350000000000000E+06
  0.1363819660112501E+06
  0.1386180339887499E+06
  0.1400000000000000E+06
  0.1413819660112501E+06
  0.1436180339887499E+06
  0.1450000000000000E+06
  0.1463819660112501E+06
  0.1486180339887499E+06
  0.1500000000000000E+06
  0.1513819660112501E+06
  0.1536180339887499E+06
  0.1550000000000000E+06
  0.1563819660112501E+06
  0.1586180339887499E+06
  0.1600000000000000E+06
  0.1613819660112501E+06
  0.1636180339887499E+06
  0.1650000000000000E+06
  0.1663819660112501E+06
  0.1686180339887499E+06
  0.1700000000000000E+06
  0.1713819660112501E+06
  0.1736180339887499E+06
  0.1750000000000000E+06
  0.1763819660112501E+06
  0.1786180339887499E+06
  0.1800000000000000E+06
  0.1813819660112501E+06
  0.1836180339887499E+06
  0.1850000000000000E+06
  0.1863819660112501E+06
  0.1886180339887499E+06
  0.1900000000000000E+06
  0.1913819660112501E+06
  0.1936180339887499E+06
  0.1950000000000000E+06
  0.1963819660112501E+06
  0.1986180339887499E+06
  0.2000000000000000E+06
  0.2013819660112501E+06
  0.2036180339887499E+06
  0.2050000000000000E+06
  0.2063819660112501E+06
  0.2086180339887499E+06
  0.2100000000000000E+06
  0.2113819660112501E+06
  0.2136180339887499E+06
  0.2150000000000000E+06
  0.2163819660112501E+06
  0.2186180339887499E+06
  0.2200000000000000E+06
  0.2213819660112501E+06
  0.2236180339887499E+06
  0.2250000000000000E+06
  0.2263819660112501E+06
  0.2286180339887499E+06
  0.2300000000000000E+06
  0.2313819660112501E+06
  0.2336180339887499E+06
  0.2350000000000000E+06
  0.2363819660112501E+06
  0.2386180339887499E+06
  0.2400000000000000E+06
  0.2413819660112501E+06
  0.2436180339887499E+06
  0.2450000000000000E+06
  0.2463819660112501E+06
  0.2486180339887499E+06
  0.2500000000000000E+06
  0.2513819660112501E+06
  0.2536180339887499E+06
  0.2550000000000000E+06
  0.2563819660112501E+06
  0.2586180339887499E+06
  0.2600000000000000E+06
  0.2613819660112501E+06
  0.2636180339887499E+06
  0.2650000000000000E+06
  0.2663819660112501E+06
  0.2686180339887499E+06
  0.2700000000000000E+06
  0.2713819660112501E+06
  0.2736180339887499E+06
  0.2750000000000000E+06
  0.2763819660112501E+06
  0.2786180339887499E+06
  0.2800000000000000E+06
  0.2813819660112501E+06
  0.2836180339887499E+06
  0.2850000000000000E+06
  0.2863819660112501E+06
  0.2886180339887499E+06
  0.2900000000000000E+06
  0.2913819660112501E+06
  0.2936180339887499E+06
  0.2950000000000000E+06
  0.2963819660112501E+06
  0.2986180339887499E+06
  0.3000000000000000E+06
  0.3013819660112501E+06
  0.3036180339887499E+06
  0.3050000000000000E+06
  0.3063819660112501E+06
  0.3086180339887499E+06
  0.3100000000000000E+06
  0.3113819660112501E+06
  0.3136180339887499E+06
  0.3150000000000000E+06
  0.3163819660112501E+06
  0.3186180339887499E+06
  0.3200000000000000E+06
