  0.0000000000000000E+00
  0.6909830056250526E+03
  0.1809016994374947E+04
  0.2500000000000000E+04
  0.3190983005625053E+04
  0.4309016994374948E+04
  0.5000000000000000E+04
  0.5690983005625052E+04
  0.6809016994374948E+04
  0.7500000000000000E+04
  0.8190983005625052E+04
  0.9309016994374948E+04
  0.1000000000000000E+05
  0.1069098300562505E+05
  0.1180901699437495E+05
  0.1250000000000000E+05
  0.1319098300562505E+05
  0.1430901699437495E+05
  0.1500000000000000E+05
  0.1569098300562505E+05
  0.1680901699437495E+05
  0.1750000000000000E+05
  0.1819098300562505E+05
  0.1930901699437495E+05
  0.2000000000000000E+05
  0.2069098300562505E+05
  0.2180901699437495E+05
  0.2250000000000000E+05
  0.2319098300562505E+05
  0.2430901699437495E+05
  0.2500000000000000E+05
  0.2569098300562505E+05
  0.2680901699437495E+05
  0.2750000000000000E+05
  0.2819098300562505E+05
  0.2930901699437495E+05
  0.3000000000000000E+05
  0.3069098300562505E+05
  0.3180901699437495E+05
  0.3250000000000000E+05
  0.3319098300562505E+05
  0.3430901699437495E+05
  0.3500000000000000E+05
  0.3569098300562505E+05
  0.3680901699437495E+05
  0.3750000000000000E+05
  0.3819098300562505E+05
  0.3930901699437495E+05
  0.4000000000000000E+05
  0.4069098300562505E+05
  0.4180901699437495E+05
  0.4250000000000000E+05
  0.4319098300562505E+05
  0.4430901699437495E+05
  0.4500000000000000E+05
  0.4569098300562505E+05
  0.4680901699437495E+05
  0.4750000000000000E+05
  0.4819098300562505E+05
  0.4930901699437495E+05
  0.5000000000000000E+05
  0.5069098300562505E+05
  0.5180901699437495E+05
  0.5250000000000000E+05
  0.5319098300562505E+05
  0.5430901699437495E+05
  0.5500000000000000E+05
  0.5569098300562505E+05
  0.5680901699437495E+05
  0.5750000000000000E+05
  0.5819098300562505E+05
  0.5930901699437495E+05
  0.6000000000000000E+05
  0.6069098300562505E+05
  0.6180901699437495E+05
  0.6250000000000000E+05
  0.6319098300562505E+05
  0.6430901699437495E+05
  0.6500000000000000E+05
  0.6569098300562505E+05
  0.6680901699437495E+05
  0.6750000000000000E+05
  0.6819098300562505E+05
  0.6930901699437495E+05
  0.7000000000000000E+05
  0.7069098300562505E+05
  0.7180901699437495E+05
  0.7250000000000000E+05
  0.7319098300562505E+05
  0.7430901699437495E+05
  0.7500000000000000E+05
  0.7569098300562505E+05
  0.7680901699437495E+05
  0.7750000000000000E+05
  0.7819098300562505E+05
  0.7930901699437495E+05
  0.8000000000000000E+05
  0.8069098300562505E+05
  0.8180901699437495E+05
  0.8250000000000000E+05
  0.8319098300562505E+05
  0.8430901699437495E+05
  0.8500000000000000E+05
  0.8569098300562505E+05
  0.8680901699437495E+05
  0.8750000000000000E+05
  0.8819098300562505E+05
  0.8930901699437495E+05
  0.9000000000000000E+05
  0.9069098300562505E+05
  0.9180901699437495E+05
  0.9250000000000000E+05
  0.9319098300562505E+05
  0.9430901699437495E+05
  0.9500000000000000E+05
  0.9569098300562505E+05
  0.9680901699437495E+05
  0.9750000000000000E+05
  0.9819098300562505E+05
  0.9930901699437495E+05
  0.1000000000000000E+06
  0.1006909830056251E+06
  0.1018090169943749E+06
  0.1025000000000000E+06
  0.1031909830056251E+06
  0.1043090169943749E+06
  0.1050000000000000E+06
  0.1056909830056251E+06
  0.1068090169943749E+06
  0.1075000000000000E+06
  0.1081909830056251E+06
  0.1093090169943749E+06
  0.1100000000000000E+06
  0.1106909830056251E+06
  0.1118090169943749E+06
  0.1125000000000000E+06
  0.1131909830056251E+06
  0.1143090169943749E+06
  0.1150000000000000E+06
  0.1156909830056251E+06
  0.1168090169943749E+06
  0.1175000000000000E+06
  0.1181909830056251E+06
  0.1193090169943749E+06
  0.1200000000000000E+06
  0.1206909830056251E+06
  0.1218090169943749E+06
  0.1225000000000000E+06
  0.1231909830056251E+06
  0.1243090169943749E+06
  0.1250000000000000E+06
  0.1256909830056251E+06
  0.1268090169943749E+06
  0.1275000000000000E+06
  0.1281909830056251E+06
  0.1293090169943749E+06
  0.1300000000000000E+06
  0.1306909830056251E+06
  0.1318090169943749E+06
  0.1325000000000000E+06
  0.1331909830056251E+06
  0.1343090169943749E+06
  0.1350000000000000E+06
  0.1356909830056251E+06
  0.1368090169943749E+06
  0.1375000000000000E+06
  0.1381909830056251E+06
  0.1393090169943749E+06
  0.1400000000000000E+06
  0.1406909830056251E+06
  0.1418090169943749E+06
  0.1425000000000000E+06
  0.1431909830056251E+06
  0.1443090169943749E+06
  0.1450000000000000E+06
  0.1456909830056251E+06
  0.1468090169943749E+06
  0.1475000000000000E+06
  0.1481909830056251E+06
  0.1493090169943749E+06
  0.1500000000000000E+06
  0.1506909830056251E+06
  0.1518090169943749E+06
  0.1525000000000000E+06
  0.1531909830056251E+06
  0.1543090169943749E+06
  0.1550000000000000E+06
  0.1556909830056251E+06
  0.1568090169943749E+06
  0.1575000000000000E+06
  0.1581909830056251E+06
  0.1593090169943749E+06
  0.1600000000000000E+06
