  0.0000000000000000E+00
  0.1174723380352676E+04
  0.3573842417596775E+04
  0.6426157582403225E+04
  0.8825276619647324E+04
  0.1000000000000000E+05
  0.1117472338035268E+05
  0.1357384241759677E+05
  0.1642615758240323E+05
  0.1882527661964732E+05
  0.2000000000000000E+05
  0.2117472338035268E+05
  0.2357384241759677E+05
  0.2642615758240323E+05
  0.2882527661964732E+05
  0.3000000000000000E+05
  0.3117472338035268E+05
  0.3357384241759677E+05
  0.3642615758240323E+05
  0.3882527661964732E+05
  0.4000000000000000E+05
  0.4117472338035268E+05
  0.4357384241759677E+05
  0.4642615758240323E+05
  0.4882527661964732E+05
  0.5000000000000000E+05
  0.5117472338035268E+05
  0.5357384241759677E+05
  0.5642615758240323E+05
  0.5882527661964732E+05
  0.6000000000000000E+05
  0.6117472338035268E+05
  0.6357384241759677E+05
  0.6642615758240322E+05
  0.6882527661964732E+05
  0.7000000000000000E+05
  0.7117472338035268E+05
  0.7357384241759678E+05
  0.7642615758240322E+05
  0.7882527661964732E+05
  0.8000000000000000E+05
  0.8117472338035268E+05
  0.8357384241759678E+05
  0.8642615758240322E+05
  0.8882527661964732E+05
  0.9000000000000000E+05
  0.9117472338035268E+05
  0.9357384241759678E+05
  0.9642615758240322E+05
  0.9882527661964732E+05
  0.1000000000000000E+06
  0.1011747233803527E+06
  0.1035738424175968E+06
  0.1064261575824032E+06
  0.1088252766196473E+06
  0.1100000000000000E+06
  0.1111747233803527E+06
  0.1135738424175968E+06
  0.1164261575824032E+06
  0.1188252766196473E+06
  0.1200000000000000E+06
  0.1211747233803527E+06
  0.1235738424175968E+06
  0.1264261575824032E+06
  0.1288252766196473E+06
  0.1300000000000000E+06
  0.1311747233803527E+06
  0.1335738424175968E+06
  0.1364261575824032E+06
  0.1388252766196473E+06
  0.1400000000000000E+06
  0.1411747233803527E+06
  0.1435738424175968E+06
  0.1464261575824032E+06
  0.1488252766196473E+06
  0.1500000000000000E+06
  0.1511747233803527E+06
  0.1535738424175968E+06
  0.1564261575824032E+06
  0.1588252766196473E+06
  0.1600000000000000E+06
  0.1611747233803527E+06
  0.1635738424175968E+06
  0.1664261575824032E+06
  0.1688252766196473E+06
  0.1700000000000000E+06
  0.1711747233803527E+06
  0.1735738424175968E+06
  0.1764261575824032E+06
  0.1788252766196473E+06
  0.1800000000000000E+06
  0.1811747233803527E+06
  0.1835738424175968E+06
  0.1864261575824032E+06
  0.1888252766196473E+06
  0.1900000000000000E+06
  0.1911747233803527E+06
  0.1935738424175968E+06
  0.1964261575824032E+06
  0.1988252766196473E+06
  0.2000000000000000E+06
  0.2011747233803527E+06
  0.2035738424175968E+06
  0.2064261575824032E+06
  0.2088252766196473E+06
  0.2100000000000000E+06
  0.2111747233803527E+06
  0.2135738424175968E+06
  0.2164261575824032E+06
  0.2188252766196473E+06
  0.2200000000000000E+06
  0.2211747233803527E+06
  0.2235738424175968E+06
  0.2264261575824032E+06
  0.2288252766196473E+06
  0.2300000000000000E+06
  0.2311747233803527E+06
  0.2335738424175968E+06
  0.2364261575824032E+06
  0.2388252766196473E+06
  0.2400000000000000E+06
  0.2411747233803527E+06
  0.2435738424175968E+06
  0.2464261575824032E+06
  0.2488252766196473E+06
  0.2500000000000000E+06
  0.2511747233803527E+06
  0.2535738424175968E+06
  0.2564261575824032E+06
  0.2588252766196473E+06
  0.2600000000000000E+06
  0.2611747233803527E+06
  0.2635738424175968E+06
  0.2664261575824032E+06
  0.2688252766196473E+06
  0.2700000000000000E+06
  0.2711747233803527E+06
  0.2735738424175968E+06
  0.2764261575824032E+06
  0.2788252766196473E+06
  0.2800000000000000E+06
  0.2811747233803527E+06
  0.2835738424175968E+06
  0.2864261575824032E+06
  0.2888252766196473E+06
  0.2900000000000000E+06
  0.2911747233803527E+06
  0.2935738424175968E+06
  0.2964261575824032E+06
  0.2988252766196473E+06
  0.3000000000000000E+06
  0.3011747233803527E+06
  0.3035738424175968E+06
  0.3064261575824032E+06
  0.3088252766196473E+06
  0.3100000000000000E+06
  0.3111747233803527E+06
  0.3135738424175968E+06
  0.3164261575824032E+06
  0.3188252766196473E+06
  0.3200000000000000E+06
