1.312457
1.664036
1.455929
1.160214
1.421956
0.838889
0.633417
1.076433
0.873215
1.318894
1.120075
1.280249
0.979916
0.499260
1.042134
0.847851
1.009056
1.342330
0.684825
1.017176
1.276936
1.192477
1.064267
0.868381
1.484254
1.177486
1.152610
0.962318
1.347762
0.922099
0.902953
1.291166
1.148889
1.129254
0.531740
0.922940
1.408268
0.932473
0.741204
0.594745
1.158448
1.428854
0.954714
1.227754
1.366446
1.053132
0.871803
1.304365
1.126484
1.402402
0.949908
1.382740
0.885979
1.337035
1.300318
0.689306
1.272916
1.533735
0.920659
1.193508
1.173684
1.459378
1.427686
1.261456
1.240762
1.514290
1.192857
1.171348
0.699029
0.825473
0.355815
1.077683
1.502477
0.877208
1.008785
0.685993
0.967180
0.941299
1.221263
1.200352
1.176454
0.993196
0.832289
1.555053
1.671775
1.511683
1.182021
0.720619
1.315852
1.735106
1.409626
1.388905
1.805634
1.173358
0.848747
1.488491
1.117631
1.715037
1.561979
1.675279
1.350803
1.202036
1.367152
0.858388
0.962943
0.818684
0.987602
1.219417
0.766406
1.369678
1.223762
1.018697
1.313109
1.416524
0.655142
0.949419
1.359168
1.340266
1.322017
0.868952
0.733654
0.599334
0.813659
1.306293
1.403869
1.499435
1.367342
1.149296
1.325764
1.193644
1.198152
1.714521
0.841604
1.453648
0.798261
1.412070
1.075673
1.149894
1.770764
1.541529
1.196088
0.965251
1.366365
1.340457
1.216511
1.197446
1.174417
1.474559
1.239622
1.213904
1.612382
1.391865
1.469589
1.453078
1.753628
1.507365
1.388118
0.534673
1.443111
1.330218
0.897168
1.517766
1.915621
1.253363
1.460791
1.123904
1.521976
0.765890
1.483548
1.464538
1.029886
1.104161
1.320659
1.301024
0.875062
1.032737
1.010360
1.553777
1.537999
0.870934
1.177975
1.160404
1.869372
1.202552
1.510597
1.572597
1.472577
0.723715
1.349744
1.737089
1.394907
1.620801
1.031434
1.586827
0.988525
1.620475
0.625215
1.330897
1.238318
1.472604
1.196822
1.176997
1.085477
1.463099
1.120781
1.430972
1.338012
1.391376
0.907488
1.610101
1.334075
1.577404
1.623571
1.279543
0.932581
1.303658
1.222241
1.535908
1.453159
1.830021
0.891682
1.404276
1.781735
1.047891
1.360607
1.410495
1.397405
1.258958
1.364817
1.292524
1.335813
1.323701
0.922750
0.962074
1.279000
1.209314
1.467824
1.182999
1.889170
1.211812
1.143186
1.460981
1.112390
1.154945
1.142833
0.690990
1.010414
1.049059
1.692008
1.400257
0.677276
1.043057
1.030022
0.966745
1.708058
1.596115
0.968700
1.237693
1.318513
1.210753
1.900413
1.885721
1.496638
1.192558
1.089795
1.162902
1.144381
1.129553
1.363513
1.055033
1.082218
1.400719
1.670445
0.991214
0.976820
1.292307
0.947110
0.973806
1.212301
1.568632
1.184492
1.167112
1.821765
1.142779
1.090229
0.376617
1.098458
1.081077
1.035507
1.390073
1.040233
0.995097
1.314250
1.327665
1.680683
1.273921
1.287771
1.275659
0.957131
1.272916
1.176182
1.193346
0.872509
0.860343
0.794351
1.165536
1.126919
1.475184
1.434855
1.449276
0.795817
0.756059
0.743892
1.066684
1.721120
1.043302
1.702083
1.019865
0.966419
1.017122
1.318378
0.621304
0.964301
1.282910
1.291302
1.222512
0.891574
1.532486
1.206625
1.210998
1.183216
1.489713
1.474315
1.144653
1.134659
1.135881
1.428283
1.094357
1.397242
1.396129
0.701228
1.364138
1.349826
1.324814
1.316151
1.300155
0.941380
1.267648
1.603339
0.574594
1.223219
1.533436
1.526267
0.830253
0.814719
1.467797
1.112145
0.760784
1.746241
1.059134
1.046099
1.700236
1.682557
0.997297
1.649642
0.961721
0.947110
1.268490
0.915662
1.238481
0.882585
1.199863
1.186936
1.175042
1.163744
1.492755
1.147232
1.793685
1.111548
1.442677
1.071029
1.058673
1.388253
1.380242
1.368592
1.356181
0.996184
0.651340
0.986760
1.307026
1.617542
0.925276
1.616022
0.938013
1.250159
1.221508
1.221969
0.889673
1.181261
1.171104
1.176617
1.162413
1.486861
1.124529
0.774309
1.099327
1.108235
0.761192
1.085694
0.738570
1.390725
1.361938
1.371009
1.355936
1.325004
1.333043
1.337442
0.971824
0.938502
0.923592
0.601480
1.258577
0.908900
0.873840
1.219715
1.564233
1.219688
0.850376
1.192802
0.795193
0.835412
1.130748
0.454314
1.113150
1.459677
1.476596
1.437381
1.366256
1.385809
1.375761
1.056962
1.045175
1.306564
1.351863
1.281254
0.635399
0.985972
1.311996
1.269848
0.556236
0.913870
1.305071
0.893095
1.517604
0.910638
1.531671
1.190548
1.184981
0.841360
1.500522
1.530367
1.189109
1.514942
1.138515
1.165944
0.754538
1.118609
0.775531
1.508913
1.131780
1.160784
1.452154
0.744245
1.066521
0.729255
1.095009
1.087188
1.416524
0.787480
1.444876
1.106415
1.099300
1.010523
1.047620
1.336464
1.660071
0.948441
1.645895
1.260696
0.673229
0.960417
0.620001
0.324231
0.983148
1.304419
1.297467
1.003652
1.618004
0.948686
1.274437
0.976413
1.634353
1.252711
1.200379
1.284322
1.521894
1.509511
1.879339
1.542208
1.487676
1.575258
1.525696
1.230388
0.802090
0.843777
0.835956
1.163201
1.444415
1.149731
0.479543
0.852983
1.789991
1.121705
1.116490
0.726892
0.722221
2.041821
1.466602
0.751985
1.409925
1.352514
1.065217
1.390073
1.046968
1.372203
0.984370
0.975191
0.970493
1.348386
1.005471
1.225880
0.940973
1.646438
1.591824
1.030022
0.915880
1.187534
1.289319
0.844537
1.277778
1.328344
1.212546
1.155162
1.533735
0.971878
1.245895
0.913571
0.906402
1.507284
1.557145
1.164640
1.216864
1.269250
0.876420
0.873596
1.199130
1.190195
0.800407
0.854694
0.848611
1.233267
0.786964
1.107529
1.104188
1.819457
1.097670
1.151605
1.090664
1.139085
1.078036
1.018860
1.069970
1.069074
1.067281
1.506143
1.057342
1.171267
0.837205
1.438196
0.835521
1.760227
1.039092
1.095797
1.480670
1.481783
1.423476
1.478687
1.419729
1.149487
0.757580
1.030863
1.033796
1.032249
1.034937
1.152990
1.093298
1.426301
0.711765
1.429179
0.773222
1.164912
1.046425
1.496584
1.113259
1.114372
1.119831
0.852006
1.123307
1.069155
1.405172
1.738012
1.254993
0.872021
0.872862
0.764342
1.156928
1.158666
0.504610
1.227862
0.237681
1.120645
0.520442
1.239051
1.191417
0.869468
0.541571
1.210020
1.216103
0.888369
1.226152
1.235331
1.570017
0.639255
1.582727
0.920958
0.929214
0.883155
0.940511
0.947463
1.230632
1.284458
0.906212
1.297358
1.299965
1.255156
0.598438
0.982442
1.038712
1.324407
0.996129
0.952080
1.341027
0.959250
1.295810
1.404303
1.026111
0.702152
1.040667
0.609382
1.046533
1.002891
0.954796
1.443899
1.021684
1.355855
1.363269
1.321311
1.135392
1.091506
1.099762
1.057070
1.112580
0.787290
1.074532
1.131698
0.809097
1.144299
1.103618
0.871722
1.442541
1.494275
1.077873
1.126919
1.088464
1.186665
1.143267
1.858699
1.203611
1.163853
1.172815
0.561233
1.183542
1.147015
1.573819
1.157172
0.966419
0.888668
1.225418
1.275958
0.908764
1.578354
1.255644
1.596604
0.897467
1.282720
1.623082
0.962780
0.972312
1.357864
1.324787
1.414134
1.009491
1.014162
1.024400
0.663833
1.082055
0.681865
1.690813
1.103210
1.072278
0.825174
0.791744
1.428691
0.771294
1.106334
0.817652
1.121949
1.127896
0.805268
0.814393
1.152854
1.126593
1.504351
1.844116
1.189326
1.199565
1.171701
0.881770
1.590114
0.598601
1.277995
1.590711
1.231963
1.274247
1.282313
0.623531
1.301513
1.281661
1.350396
0.994120
1.337877
0.980215
0.690393
0.979183
1.046017
1.031651
0.739955
1.027034
1.068096
1.413157
1.115187
1.466521
1.429750
0.794405
0.836309
0.854504
0.841930
1.191173
1.206924
1.555081
1.234950
1.292633
1.278619
1.294343
1.604453
1.328888
0.986516
0.998927
1.033987
1.385673
1.401235
1.061470
0.759508
1.441400
1.418751
0.784465
1.488654
0.819770
0.852250
0.867702
1.549513
0.886305
1.913828
0.936139
0.951809
1.309361
0.646045
0.682761
1.026518
1.705804
1.079122
1.081675
1.428636
1.451313
1.805960
1.158856
1.189842
0.878783
0.892361
1.576562
1.597799
1.615994
0.637599
0.992137
1.007074
1.363160
1.049167
1.406150
1.423151
1.109457
1.135256
1.145413
1.176943
1.195844
1.547748
1.229247
1.250213
0.600855
0.954361
1.663927
1.340782
1.028664
1.035915
1.060438
1.093624
1.123959
1.440993
0.821318
1.170642
1.193237
1.196957
0.878294
0.933912
1.586665
0.975979
0.644823
1.334889
0.704406
1.038006
1.418235
1.079638
0.768225
1.125588
1.143811
1.139493
1.880371
1.539003
1.562359
0.861972
0.967886
0.960282
0.982008
1.030619
1.388145
1.412260
1.666914
1.123823
1.111493
1.164151
0.853608
1.506985
1.898946
1.218385
0.943498
1.333314
1.357321
1.380405
1.107610
1.424726
1.446886
0.756412
1.153723
1.132568
1.153289
1.554918
1.532486
1.266915
1.243315
1.315146
1.239214
0.703455
1.491478
1.462854
1.385646
1.078552
1.101961
1.844849
0.552868
0.631108
1.593264
1.295185
1.374811
0.957865
1.049330
1.464864
1.102939
1.131970
1.423042
1.124230
0.955285
1.244646
1.208391
1.698444
0.998030
1.424834
1.129037
1.418805
1.377608
1.150057
1.177377
1.135066
1.890256
1.265747
0.895620
1.002783
1.275985
1.225771
2.066235
1.115024
1.715309
1.587208
1.852833
1.232425
1.258170
1.605593
1.312702
1.256568
1.279027
1.481158
1.329594
1.263248
1.380785
1.499028
1.430048
0.907406
0.937008
1.602171
1.627129
1.522546
1.033009
0.738895
1.625364
1.420706
1.444333
1.369298
0.969216
1.092402
1.319301
1.348685
1.788280
1.071654
1.194568
1.536233
1.663330
1.256296
1.592856
1.507827
1.851774
1.661130
1.471436
1.272672
1.608906
0.999171
1.333912
0.838264
1.288124
1.195247
1.306293
1.125181
1.342819
1.364083
0.758041
1.089632
1.306809
1.441726
1.460546
1.481810
0.876094
1.205702
0.914386
0.814556
0.828487
1.160757
1.859948
0.885681
0.907189
0.740362
0.756005
0.900699
1.106659
1.871572
0.837911
1.040559
1.183270
0.895783
0.916205
1.423151
1.397025
0.979672
1.304582
0.839758
1.210672
1.318133
1.074967
0.962997
1.248040
1.134251
1.155162
1.168578
1.053974
1.077873
1.097426
1.559643
0.826288
1.448733
1.468775
1.018534
0.752175
1.358299
0.770126
1.231855
1.253390
1.433470
1.151197
1.027333
1.189163
1.508343
1.976480
0.803313
1.715906
0.842256
1.313815
0.883155
1.054192
1.229356
1.101445
1.272944
1.594948
0.718419
1.189163
1.509538
0.627958
1.102966
1.577241
1.141747
1.005146
1.341326
1.495742
1.223381
1.699910
1.131454
1.126674
1.466439
0.575870
1.212519
1.524013
1.088002
0.816402
1.123823
1.136532
1.282150
1.176535
1.025296
1.495172
1.345725
1.694343
0.961477
1.268707
0.945155
1.419647
1.147939
1.449602
0.769094
0.564654
0.920035
1.278619
1.410441
1.134849
1.552365
1.739261
1.464457
1.021983
1.210998
0.764423
1.064946
1.253472
0.628610
1.172407
0.663371
0.960390
1.152447
0.882720
1.355746
0.808038
1.109239
1.689129
1.423639
1.262651
1.093461
0.545318
0.847688
1.784560
0.775911
1.255481
0.803068
1.563065
1.215126
1.597989
0.688600
1.263411
1.273297
1.008676
1.119695
1.226206
1.057505
1.725683
1.273840
1.013130
1.305261
1.130639
1.251897
1.355284
1.369977
1.112607
1.129200
1.058808
0.886305
1.453811
1.002213
1.019593
0.569760
0.776671
1.260478
1.551496
1.371362
1.390344
1.405064
1.221915
1.358733
0.910964
0.725561
1.405634
0.955366
0.501541
1.455060
1.401452
1.018425
0.768280
0.787018
1.197473
1.078579
0.829275
1.047538
0.864091
0.945237
0.959386
0.975924
1.194296
0.941706
1.491261
1.452019
1.995137
1.279624
1.501255
1.515784
1.328181
1.403271
1.362834
0.909959
0.979889
1.200759
0.959087
1.659337
0.782999
1.222893
1.288315
1.675224
1.482571
1.548916
0.833892
1.368157
1.598695
0.881064
1.111439
1.385293
1.184194
1.198370
0.745223
1.188240
1.713380
1.258496
1.057342
0.783651
0.836662
0.846954
1.078986
0.841088
1.392707
0.867920
0.917889
1.148862
1.447158
1.399714
0.938692
1.207712
1.696027
1.012940
1.027089
1.289591
1.495878
1.263683
1.330001
1.064566
1.329376
1.320387
1.129472
1.390616
1.158801
0.921067
1.163065
1.426953
0.965985
0.755787
0.997922
1.469644
1.034475
1.506686
1.308574
1.080860
1.342086
0.872944
0.895647
1.630198
0.928399
0.959195
1.207576
0.511182
1.248258
1.269658
1.053974
1.069943
1.564613
1.344938
1.372638
0.925032
0.943879
1.201547
1.223680
1.240273
1.504188
1.533382
0.841849
1.340402
1.596468
1.149514
1.407481
1.195545
1.459813
1.482924
1.509592
1.531590
0.853608
1.336492
1.340375
1.385782
0.959250
1.231257
0.989992
1.732852
1.060764
1.286441
1.113313
1.134631
0.909498
1.408024
1.181233
0.988607
1.017855
1.035725
1.060574
1.267132
0.633905
1.094412
1.158666
1.395396
1.161463
0.754755
1.291492
1.229682
0.781234
1.530856
0.614135
1.418317
1.438929
1.206435
1.179278
0.990155
1.487296
0.778491
1.528629
0.874084
1.370031
1.128331
0.684988
1.441074
1.399143
1.217325
1.238454
1.257681
0.812057
1.037300
1.256676
0.876366
0.896353
1.383094
1.406829
1.161191
1.645867
1.271966
1.097345
1.779345
0.672469
1.360526
1.457912
1.325927
1.151605
0.897901
1.662298
1.495715
0.774797
0.801167
1.185633
1.117522
1.056120
0.892687
1.379726
0.941299
1.523334
1.359602
1.474043
1.780758
1.058319
1.363079
1.291926
1.309742
0.869305
1.355800
1.095389
1.221535
1.246465
1.444089
1.290107
1.311480
1.330327
0.894724
1.383039
0.943118
1.139465
1.271857
0.720673
1.032574
0.944856
1.077493
1.274546
0.956914
0.862190
1.004494
0.911616
0.931223
1.582319
1.103238
1.412451
0.732758
1.213551
1.359657
1.385592
1.410794
0.684309
0.709185
1.482571
1.663927
1.234000
1.099408
0.825364
1.142942
1.459324
1.047321
1.071274
0.641292
0.815968
1.133355
1.453322
1.164559
1.345128
1.372122
1.239024
1.116925
1.438576
1.607168
0.732025
1.207141
1.373860
1.844360
0.968266
0.684146
1.164124
0.886550
0.905668
1.375245
1.555868
1.575231
1.136152
1.602877
0.873922
0.896516
1.383609
0.931712
1.560458
0.974729
0.855400
0.878212
1.065489
0.910204
1.235738
0.647077
0.970411
0.953547
0.839540
0.894072
0.738189
1.063045
1.254884
0.660737
0.987276
1.130938
1.017312
1.295620
0.562047
1.634108
0.904609
0.607834
1.370139
0.693923
0.831828
1.285545
1.175530
1.315255
1.020625
1.344802
1.103156
0.806137
1.380106
1.388932
1.216293
0.859745
1.422933
1.313435
0.895756
1.026953
1.039581
1.052616
1.371117
1.264389
1.829206
0.974050
0.987466
1.312647
1.440260
1.451829
0.720591
1.474478
0.939506
0.874084
1.509891
0.896679
1.418398
1.230632
1.130259
1.259555
1.583541
1.283589
1.182618
1.393060
1.295348
1.109891
1.549975
1.789149
1.059949
1.587588
0.970167
1.619769
1.523850
1.018263
0.935922
1.044415
1.059324
1.610536
1.515377
1.000040
0.915065
1.137700
1.047457
1.170886
0.972177
0.991295
1.221127
1.123578
1.149785
0.953438
1.399687
1.523578
1.328181
1.444713
1.466548
0.867784
1.623979
0.783841
1.124963
1.462854
1.484037
0.862706
0.879299
0.900943
0.921094
1.258007
0.544232
1.070377
1.082598
1.102640
1.029832
0.723199
1.387249
1.493325
1.091126
0.696965
1.448597
1.549486
1.477872
1.083793
1.181451
1.519287
1.857260
1.459107
1.559725
0.926525
0.852060
1.031977
0.959223
0.966555
0.656419
1.236091
1.568958
1.336519
1.345073
1.269332
1.281933
1.456717
1.463072
0.740959
0.587657
1.077683
1.658577
1.019892
1.026573
1.116327
1.449194
1.050362
0.736017
1.477058
1.002538
1.167953
0.773168
1.505247
1.265964
1.123280
0.728277
1.216755
1.224929
0.903061
1.006802
1.490935
1.169447
0.927394
1.510054
1.587995
1.370683
1.275116
1.603285
0.958191
1.692171
1.546553
0.826206
1.556656
0.904120
1.565455
0.519709
1.321582
0.929485
1.261755
1.263493
0.942467
1.350369
1.209857
1.289944
1.296326
0.828352
1.632153
1.312865
1.643559
0.926199
0.933640
1.263330
0.944042
1.280955
1.029533
1.040178
1.773887
1.640599
0.993549
1.727747
1.079122
1.678157
1.689889
1.504595
1.640789
0.993794
1.859541
1.084390
0.836064
1.500983
1.444958
1.127788
1.593916
1.412831
1.226260
1.234299
1.245868
0.864579
1.263194
1.276175
1.226695
1.688586
1.245433
1.316585
0.868979
0.941733
1.076624
1.620014
0.703048
1.370900
1.973086
1.382143
1.452480
0.680779
1.348278
0.756493
1.418534
1.424291
1.160268
1.493651
0.725751
0.792124
1.395532
1.788579
0.804942
0.808853
0.816239
0.767574
1.484852
1.216728
1.111358
1.169393
1.177078
1.459025
1.518581
1.470323
1.200895
1.477764
1.155027
1.546608
1.603692
1.225826
0.847905
1.509049
0.524815
1.192992
0.920306
1.258089
0.935732
1.321202
1.606408
0.954416
1.288613
0.915934
1.308710
1.364409
1.267376
1.277479
1.333776
1.674247
1.633321
1.358951
1.316422
1.704880
1.610156
1.059134
1.349663
1.403000
1.409327
1.416035
0.993033
0.438862
1.491017
1.118228
1.127136
1.086916
1.375734
1.386814
0.827184
1.163201
0.748292
1.134143
1.513421
0.813741
1.441645
1.493787
1.173086
1.843926
1.182265
1.434068
1.531508
0.872808
0.593604
1.176834
1.643125
1.650701
1.325167
1.532296
1.211867
0.973887
0.935270
1.607195
1.282992
1.288152
2.004154
1.307162
1.313218
1.320605
1.034503
0.666358
1.379156
1.055740
1.059406
0.988905
1.699096
0.998519
1.044768
1.346893
1.683073
1.766419
1.071518
1.112200
1.747653
1.051367
0.760051
0.770235
1.405172
0.779197
1.413483
1.458482
1.499517
1.473256
1.148183
1.222540
0.790549
1.537537
1.138596
1.216728
1.191064
1.193753
1.202525
1.541991
1.212763
1.221915
1.265285
0.937415
1.244700
1.585198
1.256350
1.597962
0.941815
0.916233
0.955421
1.264416
1.329675
0.703265
1.288070
1.021766
1.665339
1.309144
0.977825
1.682611
1.387113
1.361313
1.398600
0.709158
1.351428
1.692008
1.059786
1.453838
1.434122
1.078769
1.413157
1.389122
1.756941
1.455549
0.768361
1.137076
1.110217
1.449249
1.120808
1.483929
1.462882
1.493488
1.158964
1.776141
1.472169
1.163690
1.165048
1.143050
1.142887
1.146472
1.174118
0.478321
1.481321
1.483820
1.148427
1.817637
1.202660
1.506822
1.145413
1.453594
0.810346
0.837341
1.478443
0.832724
1.473066
1.473962
1.444360
1.498023
0.805377
1.108126
1.466982
0.825310
1.796563
1.182781
0.770126
1.487785
1.458917
1.095960
1.477655
1.144191
1.116165
1.469644
0.776563
1.110624
1.103129
1.103129
1.077927
1.101663
1.435045
1.097589
1.092375
1.455169
1.121976
1.426654
1.373290
1.480126
1.388579
1.416606
1.085857
1.446180
1.390806
1.386733
1.769569
1.104758
1.079095
1.378966
1.405987
1.404575
1.040830
1.372665
1.401316
1.702382
1.732744
1.038658
1.394337
1.698200
1.394527
0.752230
1.054409
1.083250
1.077710
1.072659
1.676963
1.368483
1.063316
1.726769
1.386434
1.021820
1.687309
1.314657
1.644700
1.338012
1.329947
1.324379
0.984425
1.275686
1.271260
0.997813
1.258876
1.254069
1.278429
1.266779
1.595056
1.290379
1.616619
1.242908
1.269820
1.260071
1.517223
1.247144
1.537075
1.564043
1.559263
1.182428
1.175069
1.501934
0.824658
0.783759
1.149025
1.432167
1.460275
0.824930
1.739506
1.103075
1.133246
1.124936
1.375680
1.365794
1.389991
1.422607
1.416741
1.699422
1.066059
1.717155
1.703251
1.613034
1.272210
1.259990
0.920360
1.658088
1.309633
1.257464
1.289211
1.565074
1.554483
1.586366
1.526131
0.894452
1.459921
0.826288
1.477166
1.089279
1.119586
0.729988
1.094547
0.748020
0.787426
1.392191
1.425948
1.413917
1.402511
1.667213
1.660044
0.938176
1.633864
1.345671
0.900862
1.319002
1.256866
1.299395
1.564830
1.330354
0.934862
1.858102
1.242826
1.563934
1.492646
0.821046
0.810754
0.852739
1.391051
1.108017
0.877832
1.414460
1.131427
1.447864
1.496421
1.699775
0.756711
1.736681
1.398166
0.665055
1.642418
0.912105
1.288668
1.010088
1.063289
1.256568
1.368673
1.500685
1.548916
1.668381
1.599999
0.867675
1.250647
1.242011
1.164477
0.828487
0.886658
1.138298
1.129417
1.249072
1.629573
1.029370
1.220231
0.815588
1.137293
0.339466
1.185226
1.699340
1.432248
1.093678
1.484445
0.752067
1.533463
1.058211
1.120510
1.763730
1.359983
1.352732
1.012641
1.329485
1.249887
1.381247
1.158747
1.151062
0.882639
1.416361
0.790494
1.250810
1.318133
1.309959
1.222947
1.288206
1.130992
0.940783
1.585931
1.177649
1.491587
1.408078
1.477248
1.387303
1.207006
1.373208
1.114942
0.457003
1.101880
1.012695
1.006123
1.247823
1.316748
1.066195
0.815017
1.536559
0.966990
1.288478
1.279760
1.355800
1.351998
0.937714
1.257763
1.006938
1.079882
1.321256
1.480833
0.743920
0.902165
1.059026
1.050851
1.374322
1.289971
1.364409
1.035643
1.030293
1.589733
1.427061
1.425432
0.846303
1.090121
0.677303
0.993033
1.314902
1.070404
1.222404
1.385673
1.057505
1.695647
0.874818
1.110950
1.512797
0.707447
1.351944
1.344286
0.846085
0.842609
1.485314
1.075266
1.156683
1.146363
1.379373
1.545087
1.622947
1.211487
0.797284
1.434638
1.105302
1.185497
1.673785
1.408703
1.169366
1.249290
1.069889
1.151605
1.552202
0.724366
1.220286
1.121868
1.116490
1.110787
1.100223
1.417882
1.323239
1.637313
0.987439
1.627482
1.060112
1.375191
0.865313
0.715133
0.941380
1.348305
1.473690
1.237395
1.001072
1.542099
1.398981
1.206951
1.195980
0.959929
1.274519
1.586420
1.676691
1.161517
1.152637
1.560186
1.232887
1.223762
1.123904
1.763350
1.112417
1.107013
1.100739
1.090990
1.183813
0.860587
1.175395
1.173711
1.072387
1.706021
1.702599
1.157769
1.054626
1.373887
1.147803
1.363676
1.779101
1.137266
1.453431
1.035806
1.452589
1.445935
0.804399
1.541882
0.703265
1.122384
0.803041
1.535364
1.854300
1.435534
1.628894
1.211595
1.015791
1.528901
1.208445
1.428881
1.006911
1.007264
1.106659
1.103428
1.103428
1.422227
1.416415
0.778545
1.417638
1.094439
1.414270
0.773168
1.406394
1.923686
1.086020
0.762414
0.763581
1.402565
1.716205
1.492945
1.811934
0.848611
1.288016
1.286767
1.279543
1.377336
1.054843
1.469155
1.250104
1.688966
1.143892
1.359820
1.474967
0.930137
0.812437
0.710054
0.804127
0.918650
1.754497
0.688600
1.005281
1.743091
1.634896
0.788104
0.565523
1.397351
1.394907
1.393277
1.386434
0.744653
0.637979
1.265312
1.259501
1.679542
1.672617
1.463126
1.244972
1.761802
0.913924
0.911399
0.588987
0.802145
1.223327
1.426301
1.214610
1.740864
1.736926
1.528901
1.210781
1.310937
1.309742
1.204969
1.412641
1.517576
1.623734
0.876583
1.406204
1.087867
0.766107
0.977690
1.614772
1.294371
1.084390
1.190440
1.608662
1.609884
0.446466
1.079665
1.504595
1.081023
1.180962
1.816985
1.078036
1.922845
1.182564
1.077167
0.859447
1.071301
1.601737
1.388118
1.283508
0.863384
1.495362
1.282313
0.966908
1.600515
1.287092
0.760377
1.077058
1.289537
1.080534
1.289537
1.505003
1.296380
1.717563
1.719545
1.296815
1.292796
0.660085
1.194568
1.720713
1.509646
0.873487
1.186773
1.401506
1.296054
1.292415
1.189218
1.294045
1.290406
1.081023
1.189598
1.611513
0.873215
1.192042
1.186692
0.764369
1.296000
1.296380
1.192884
1.089116
1.296435
0.979781
0.772543
1.299693
1.620068
1.408649
1.091723
1.302952
0.562998
0.985375
1.202905
0.783352
1.310122
1.525968
0.574214
1.312566
1.106171
1.317400
1.210781
0.789435
1.315879
1.311860
0.677031
1.420815
1.209640
1.211704
1.315879
1.312675
1.313870
1.316259
1.209640
0.998546
1.637177
0.892307
1.317020
0.896734
0.895892
1.322180
1.111521
1.004385
1.004847
1.007644
1.007644
1.013238
1.017203
0.913164
1.339995
1.454028
1.662841
0.928399
1.459949
0.936193
0.940403
1.682801
1.045284
1.266833
1.375897
0.636757
1.380351
1.496692
1.598478
0.965605
1.290541
0.972068
1.715797
1.296353
1.293909
1.399415
0.881363
1.301404
1.085721
1.188512
0.763717
1.300563
0.983718
1.823558
0.767139
1.302925
0.979509
1.296353
1.294751
1.074885
1.189055
1.188674
0.645692
1.917169
1.913774
1.270744
1.269060
2.007032
1.156792
1.996712
1.356724
1.565020
1.349826
1.562902
1.136261
1.661619
1.451068
1.230823
0.912947
1.549459
1.013347
1.546933
1.547775
1.226233
1.437272
1.653064
1.868150
0.703265
1.024074
1.022200
1.343308
1.029777
1.461388
1.569990
0.834706
0.837313
1.263629
1.270282
1.590114
1.062529
1.606462
1.392952
1.398600
0.880657
0.986380
1.199374
1.643749
1.749608
1.117767
0.702912
1.445039
1.134197
0.725208
0.948577
0.517808
1.283508
1.285246
1.493053
1.403570
1.925642
1.612057
1.419403
0.903007
1.944598
1.213795
1.216592
1.027442
1.131997
1.453893
1.458862
1.242120
1.369759
1.026464
1.156222
1.473391
1.153479
0.835114
1.250973
1.155868
1.477139
1.345834
1.469345
1.465597
1.459786
0.916070
1.332337
1.449004
1.540796
1.337985
1.106361
1.840042
1.097236
1.185932
0.981627
1.173575
1.482679
1.378422
1.373453
1.263194
1.577377
1.352650
1.341869
1.436621
1.231474
1.209097
1.321365
0.998736
1.830238
0.983501
1.400664
1.394201
1.289401
1.491750
1.382849
1.278158
1.479203
0.948332
0.947491
0.843587
1.258197
1.357050
1.035127
1.139737
1.663655
1.662433
1.552854
0.914060
1.118066
1.642880
0.583990
1.117468
1.216293
1.636770
1.208880
1.305451
0.880222
1.514290
1.294914
0.869549
1.606218
1.174471
1.170724
1.590331
1.160322
1.156955
1.045393
1.566297
1.769976
1.131726
1.125914
1.120863
1.432167
0.785715
1.412505
0.982659
1.508859
1.187588
1.607874
1.381491
1.591227
1.475455
1.465679
1.144897
1.772122
1.129200
1.644781
1.540932
1.105790
1.321962
2.042310
1.827414
1.599130
1.072278
1.060601
0.739547
1.139819
1.466575
1.347137
1.340212
0.786692
1.205159
1.109810
0.757199
1.293366
1.401615
0.961857
1.895524
0.946106
1.133953
1.012043
1.039662
1.540905
1.022445
1.212301
1.201710
1.313354
1.191526
1.297521
0.858985
1.479203
1.663628
1.032140
1.888545
1.564233
0.813035
0.997406
0.984859
1.097833
1.090094
0.766324
1.260668
0.747043
1.358027
0.848204
1.152555
1.019620
1.322234
0.568728
1.799035
1.290514
0.784004
1.271178
0.641835
1.254721
1.550953
1.230388
1.223816
1.337442
1.018724
1.380025
0.871749
1.481810
0.853825
1.406965
1.149351
0.960146
1.439961
1.121705
1.549839
1.230904
1.224875
0.651992
1.076352
0.939859
1.679298
1.928493
1.484336
0.731210
1.206653
1.021929
1.145793
1.619824
1.305994
1.562929
1.554239
1.242174
1.281933
1.402158
0.957675
0.647294
0.682191
1.558394
0.939534
0.797202
0.792966
1.054816
0.915581
1.047647
1.351835
1.037598
1.341977
0.725561
1.333966
1.469019
1.334102
1.022472
0.886794
1.020381
0.880602
1.014352
1.150491
1.318595
0.570303
1.180609
0.696286
0.429302
1.178626
1.175259
0.868327
1.613496
0.860452
1.130721
0.997216
1.128440
0.860452
1.165156
2.040626
1.294289
0.819254
1.429234
0.817733
1.432140
0.851381
1.158992
1.162359
1.125398
1.298960
1.301785
1.432438
1.163527
1.166080
1.435181
1.131916
1.305261
1.302436
0.997569
1.135392
1.000013
1.003679
1.142127
1.007264
1.622539
1.490283
0.261633
1.626667
1.151469
1.630795
0.886848
1.196061
1.021684
1.026491
1.645542
1.032520
0.863955
1.654884
1.347898
1.352433
1.184166
1.051829
1.364654
1.637259
1.371090
1.549269
1.337849
0.941706
1.255780
1.832845
1.393821
1.267403
1.581043
1.539927
1.283779
1.422797
1.424373
1.429560
1.126376
0.996510
1.443030
1.451503
1.146472
1.591607
1.337469
1.908017
1.169719
1.178979
1.362101
1.059569
1.813537
1.507800
1.335487
1.216130
1.088355
0.476991
1.412423
1.102695
1.418588
1.374267
0.941516
0.949826
1.265258
1.266046
1.272509
0.971606
1.470757
1.604887
1.302219
1.489360
0.877452
0.760839
1.016769
1.337605
1.037001
0.916151
1.543973
1.489523
1.371524
0.944666
1.143919
0.529567
1.163798
0.986624
0.994364
1.440558
0.828569
1.145902
1.157362
1.238264
1.489686
0.757417
0.890841
0.900237
0.673012
1.430592
1.126349
1.454925
1.587832
1.911140
1.610210
1.311806
1.321256
0.705085
0.919057
1.672970
1.257111
1.155298
0.966256
1.408757
1.310068
1.633511
1.017421
1.146200
0.953004
1.056093
1.382170
0.964029
1.407019
0.471722
0.479543
0.915798
1.448570
0.714807
1.370248
1.271939
1.596821
0.758340
1.192422
1.306021
1.527190
1.438684
0.915689
1.350233
1.358462
1.256079
0.419091
1.378911
1.279597
1.289319
0.876148
1.305016
1.316748
1.223490
1.016715
1.669358
1.046452
0.836879
1.061823
0.649901
1.285925
1.734943
1.429234
0.795980
1.241414
1.354252
1.362508
0.958842
1.072387
1.279869
1.192694
1.006015
1.751509
1.223925
1.041346
1.559426
1.471192
1.479529
1.485259
1.077357
1.279380
1.188213
1.613958
1.301757
0.794079
0.803747
1.003245
1.554619
1.470024
1.575340
1.352107
0.620191
0.762251
1.276474
1.283915
1.521786
1.524882
1.714114
1.398953
0.990698
1.000420
1.652277
1.656024
1.250267
1.348224
0.937361
1.270119
0.960282
0.964953
1.060682
0.744354
1.394065
1.315200
1.094058
1.747028
1.758271
1.443138
1.270418
0.814664
0.592572
1.306401
1.402565
1.500983
1.422064
1.109430
1.208038
1.540714
0.906021
1.156575
0.839622
1.415927
1.599266
1.201113
1.130667
1.310095
1.235657
0.600067
1.260750
0.945046
1.365631
1.137619
1.388959
0.912322
1.084635
1.012994
1.596333
1.361666
1.288559
1.454517
0.655468
1.147151
1.405444
1.741461
1.173113
1.183813
0.790386
0.793264
1.455413
1.141013
1.147395
0.755461
0.915907
1.421114
1.581124
1.190060
0.617258
1.278484
0.961287
1.292307
1.223707
1.484254
1.162658
0.847199
1.003815
1.513747
1.120727
1.199103
1.272808
0.954253
0.959739
0.634530
1.291057
0.968157
1.298037
1.050906
1.641061
1.644319
1.322696
0.929322
1.328779
1.079475
1.600515
1.021223
0.957484
1.292307
0.712553
1.375843
0.918079
1.131508
0.744164
0.424523
1.667892
1.158123
1.360716
1.174906
1.117468
1.126430
1.060709
1.002375
1.212437
1.084744
1.422852
1.171131
1.501554
1.180690
1.126349
1.527380
1.145006
1.217896
1.550029
1.621507
0.908520
0.849507
1.188403
1.197908
1.262651
1.269277
1.933816
1.607766
1.410821
1.292958
1.232696
1.568035
1.181505
1.242283
1.369026
0.982958
1.314358
0.990535
1.198397
1.259854
1.655047
0.942548
1.005662
1.278511
1.282096
1.609558
1.673025
1.019322
1.288722
0.964545
1.747028
1.028745
1.629274
0.914277
1.423666
0.979210
1.372964
0.595831
0.925846
1.377037
1.374430
1.705532
1.381926
1.708438
0.990698
0.991350
0.988661
1.261293
0.935569
0.992246
1.381002
0.933966
0.988905
0.990453
1.380459
1.377852
1.767939
1.047837
1.253743
1.373833
1.105981
1.103808
0.985972
1.584954
0.982062
1.311045
1.703196
1.703196
1.316884
0.991105
1.316341
1.315173
1.107529
0.656636
0.989068
1.317780
0.594473
0.712607
1.369814
1.696516
0.918215
1.308357
0.645230
1.571755
0.583447
1.623598
1.027876
1.355963
1.022662
1.617624
1.347273
0.952650
1.013727
0.952488
0.948007
1.276094
1.604778
1.330273
1.263085
0.994364
1.256812
1.317237
1.253309
1.304582
1.302572
0.909959
1.233321
1.356968
1.355013
1.348006
1.486291
1.014515
1.273894
0.552352
0.881200
1.328670
1.464484
1.131427
1.643994
1.578164
1.248529
1.178355
1.565971
0.840871
1.489170
0.892524
0.888179
1.537537
1.204371
0.806246
0.859284
1.181885
1.505301
1.167492
0.702043
0.759155
1.207169
1.133762
1.128277
1.444034
1.370574
1.361612
1.483331
1.404846
1.397595
0.593685
1.379617
1.766038
1.355203
1.204317
1.008839
1.067417
1.387520
0.977662
1.217027
0.952895
1.013700
1.579685
1.569474
0.908737
1.294479
1.210047
0.947328
0.933043
0.848176
1.163907
1.399035
1.388769
1.049738
1.436512
1.100902
1.169338
1.077384
1.145956
1.057070
1.366663
1.276664
1.996115
1.412586
0.672849
1.556466
0.889618
1.689455
1.679841
1.259012
1.653933
1.234462
1.544571
0.800597
1.278972
1.589136
0.847090
0.752203
1.058564
1.131155
1.291492
1.190521
1.737360
1.168171
1.712593
1.463832
1.451123
1.201384
1.097861
0.997107
1.626613
1.382958
1.371443
1.263792
1.250919
1.425975
0.998139
1.307352
1.295484
1.091126
1.401343
1.445582
1.148400
1.459921
1.129580
1.430157
1.736953
1.502015
0.976603
1.063941
1.147558
1.450552
0.700984
1.329838
1.411935
1.301214
1.069698
1.690840
1.258414
1.028202
1.113992
1.639703
0.889836
1.190956
0.858849
1.051883
1.036729
1.240708
1.763268
1.531997
0.882313
1.926647
1.168524
1.155217
1.040341
1.020299
1.644944
0.992545
0.653540
1.487269
1.257545
1.459568
1.128928
1.005037
1.616375
1.174471
1.271396
1.363024
1.348767
0.905478
1.311697
1.608961
1.591689
0.943064
1.241631
1.970044
1.087541
0.871749
1.049005
1.457966
1.441889
1.231284
0.971117
1.071355
0.619050
1.460084
1.317563
1.111711
1.153098
0.943852
1.539003
0.891302
0.998845
0.853010
1.756045
0.804535
1.089822
1.809246
1.785945
0.969624
1.431379
1.233158
1.210129
1.224794
1.028528
1.009301
0.985701
1.135663
1.252032
1.532133
1.951251
1.321718
0.856894
1.281770
1.123660
0.934102
1.660804
1.056581
1.497018
1.159182
1.585280
1.116029
1.096666
0.920605
1.355909
1.785945
1.020870
1.145603
1.580120
0.811976
1.683154
1.216429
1.499680
1.329132
1.008241
1.885721
1.862338
0.799293
1.377200
1.057179
1.337496
0.868381
1.451421
1.728426
0.822866
1.550247
0.765482
1.376087
0.857681
1.153642
1.134034
0.815588
1.249860
1.523660
1.204697
0.856975
1.288342
0.547382
0.982659
0.925439
1.062529
1.205132
0.890325
1.153642
1.422010
1.109864
1.202606
1.227591
0.978097
0.830904
0.980079
1.415845
0.928399
0.840572
0.591757
1.130558
0.466372
0.616606
1.509212
0.843777
1.739614
0.783352
0.934971
1.289618
0.977662
0.852033
1.752243
1.258442
1.047674
1.298553
0.988607
1.707216
1.402592
1.094357
1.343987
1.041238
1.562060
1.453675
0.770670
1.479964
1.533029
1.075184
1.397242
1.176427
0.954253
1.119885
1.414161
0.921202
0.962536
1.007128
1.181369
1.082435
1.058537
1.368456
1.072577
0.984452
1.024590
1.467145
1.383528
1.156466
1.069698
1.368076
1.814568
1.317889
0.825473
1.010604
1.401696
0.698105
1.194703
1.120564
1.148427
0.655984
1.313435
1.289211
1.053268
1.025894
1.219145
1.239757
1.390344
0.679991
1.344938
1.536233
0.862298
0.586027
0.779523
1.008920
0.985348
0.958544
1.158095
1.167166
0.862543
0.869359
1.345589
1.068938
1.270581
1.473826
1.697548
0.937062
0.238387
1.156710
0.890759
1.572271
0.866073
1.320279
1.056283
1.274166
0.996808
1.208608
0.968293
1.182021
0.921365
1.851285
1.358679
1.345454
1.081458
0.818711
1.037789
1.252168
0.994174
0.975218
1.661754
1.408486
0.678715
1.131237
1.109783
1.566432
1.064267
1.044415
0.793862
1.003435
0.975979
1.196496
1.182428
0.944992
1.136370
1.357837
1.354823
0.851408
1.300753
1.053051
1.020761
1.244591
1.245678
0.982931
0.961531
1.188702
0.900916
0.900699
1.605322
0.616878
1.091207
1.044849
0.772598
1.248421
1.229682
0.737212
1.184791
1.164885
1.142914
0.612831
0.881173
1.335242
0.587955
1.039608
0.981464
0.522886
0.975028
0.957322
0.934835
1.603475
1.110407
0.870853
1.066277
1.092538
0.860506
1.737360
0.727707
1.172950
1.202633
0.975463
0.903279
0.678878
0.923891
1.372584
1.090528
1.281824
1.261103
1.095253
1.492103
1.059243
1.186936
0.757444
1.147260
1.396401
1.443138
0.954226
1.140226
0.857138
1.369270
1.355475
1.340375
1.318975
0.834788
1.216239
1.463615
0.779306
0.692837
1.140063
1.393576
0.983311
1.158856
1.066711
1.594432
0.912892
1.363649
1.345481
0.855753
1.141258
1.476433
0.795709
1.352107
1.224278
0.460995
0.905315
0.885219
0.861103
1.117794
1.098811
1.350858
0.960553
0.751605
1.375245
1.539194
1.428989
1.028501
1.200298
0.798533
1.052997
1.315363
1.115893
1.066575
1.147124
1.406367
1.273976
1.003733
1.160702
0.674831
1.399361
1.553913
1.416578
1.220720
1.313272
1.291438
0.986516
1.426165
0.770670
0.922044
1.821086
1.628134
0.912213
1.012152
1.275578
1.424020
0.782564
1.260804
1.034584
0.728277
0.707556
0.690338
1.584764
1.436322
1.223816
1.077628
1.351129
1.466521
0.864091
1.004847
1.283671
1.269169
1.089903
1.098865
1.377173
1.061361
0.887527
0.732894
0.834924
1.428473
0.977499
0.957838
1.083087
1.070214
1.204399
1.180093
1.616130
1.299205
1.137755
0.970819
1.250702
1.685707
1.222295
1.203014
1.187208
0.572177
0.700767
1.434638
1.123144
0.956806
1.534848
0.915336
1.350803
1.480642
0.717115
0.999008
1.124149
1.711018
0.923022
1.368592
0.908764
0.887853
0.869685
1.457369
0.964573
1.250104
1.094439
1.210427
0.885029
0.998927
1.584981
1.259338
1.105899
1.081865
1.103699
1.351238
1.152175
1.439744
1.114861
0.654382
1.253635
0.489809
1.214963
1.145793
1.308873
1.471681
1.147857
0.822812
1.548183
0.909335
1.203149
1.372665
0.926254
0.913625
1.208445
1.320116
1.617624
1.411527
1.467390
1.265448
1.249833
1.357213
1.224522
1.327448
1.195600
1.303333
1.600868
0.963921
1.460655
1.053268
1.549459
1.538949
0.780093
1.280846
0.757091
1.368972
0.925412
1.026763
1.009871
0.884187
1.414352
1.195219
1.067173
1.591173
1.145603
1.353465
1.544544
1.096448
2.026422
1.374892
1.675496
1.443165
1.320007
1.191445
1.279896
1.365659
1.659690
0.901513
1.521324
1.499571
1.583270
1.244293
1.857341
1.738881
0.763364
1.479855
1.042432
1.661863
1.194975
1.815465
1.703196
1.682991
1.250756
1.234869
1.402375
1.384777
1.273840
1.482815
1.012288
1.225989
1.527434
1.832845
0.762414
1.159019
1.791512
1.366256
1.117957
0.925738
1.504785
1.488763
1.301350
1.057179
1.364871
1.678375
1.579142
1.329621
1.319844
1.463995
2.034217
2.024467
0.957675
1.353791
1.260288
1.166378
1.323239
1.878497
1.138271
0.968891
1.200216
1.191499
1.179740
1.255481
1.083359
1.798301
1.140660
1.700399
1.117550
0.948332
1.424454
1.329675
1.152012
1.308411
1.372366
1.688993
1.602389
1.586990
1.652331
1.640164
1.549269
1.291492
1.531834
1.016226
0.930327
1.243315
1.078036
1.218330
1.389068
1.597527
1.513666
1.029044
0.759725
1.148482
1.065869
1.125452
1.444034
1.176725
1.091451
0.943118
1.728833
1.388416
1.452345
1.444578
1.103699
1.027360
1.745154
1.530476
0.937252
0.999714
0.918894
1.700834
1.232995
1.552419
1.547884
1.609069
0.875469
0.937144
0.867187
1.516083
0.922642
1.180446
1.171402
1.167003
1.553886
1.151360
1.804575
1.865461
1.265475
1.132377
1.254775
1.510923
1.507175
1.439988
1.496041
1.102314
1.224984
1.544000
1.415519
1.539194
1.141176
1.528575
1.792137
1.251571
1.123388
1.386515
1.112987
1.112064
1.110217
1.431569
1.034937
1.811581
1.146852
1.352080
2.067376
1.668517
1.067254
1.719817
1.053078
1.051069
1.645949
1.100413
0.977418
1.750342
0.965442
1.021793
1.678782
1.342711
1.008540
1.332554
1.380622
1.260478
1.703549
2.024576
1.361558
1.356805
1.619579
1.674057
1.672101
1.394581
1.609287
1.551387
1.269386
1.984655
1.711615
1.649099
1.594404
0.932771
1.313489
1.312593
1.860491
1.309687
1.310529
1.200678
1.639540
1.254395
1.642446
1.917793
1.592612
1.596278
1.264715
1.596305
1.213388
1.271070
1.331658
1.611106
1.727231
1.288722
1.351835
1.021168
1.628731
1.637068
1.639839
1.316585
1.320387
1.650022
1.327937
1.722641
1.007698
1.286739
1.410359
1.681606
1.299449
1.693719
1.307515
1.374485
2.039675
1.383012
1.985062
1.391431
1.063398
1.010496
1.796292
1.469101
0.961341
1.480833
1.814514
1.042432
1.112308
1.774593
1.122546
1.518228
1.848868
1.074207
1.410984
1.804167
1.090338
1.751373
1.157199
1.163581
1.563119
0.844266
0.848068
1.573792
1.446370
1.249235
1.520374
0.737809
1.198234
1.531399
1.528684
1.137673
0.878267
1.205702
1.210237
1.540687
1.144924
0.817489
1.475211
1.209477
1.931888
1.603475
1.272373
1.599782
1.534332
1.204181
0.877561
1.205865
1.267376
0.939995
1.141502
1.205023
1.144191
1.868231
1.803570
1.938596
1.285680
1.613089
1.027197
1.561327
1.562196
1.698688
0.982469
1.181261
1.582618
1.657138
1.267458
0.949527
1.613360
1.026844
1.228596
1.371334
1.444496
1.974905
1.396536
1.468693
1.477574
2.004724
1.820081
0.969407
1.705043
2.038154
1.459623
1.468585
1.732309
1.089062
1.754632
0.920904
1.766853
1.376060
1.196686
0.807522
1.217814
1.876514
1.813564
1.565102
1.494303
0.922533
1.584519
1.261782
1.121406
1.200732
1.852887
1.132595
0.960689
0.964627
0.749134
1.227238
0.902056
1.560403
1.240708
1.244401
1.653309
1.661238
1.662189
1.841997
1.751564
1.605620
1.286115
1.293827
1.372231
1.302355
1.559860
1.066059
1.075429
1.085205
1.584302
1.343851
1.430782
1.602714
1.687500
2.102870
1.298580
1.384641
1.233049
1.720468
1.079366
1.414949
1.093760
1.021223
1.188539
1.761150
1.522302
1.369542
1.452154
1.214881
1.140633
1.141692
1.228324
1.235385
0.747341
1.158992
1.249099
1.816089
1.170886
1.499245
1.259148
1.265801
1.513313
0.947301
1.274763
1.111059
1.192938
1.201656
1.122085
1.037952
1.207332
1.209314
1.374675
1.539112
1.628432
0.895810
1.139303
1.227021
1.308845
1.230850
1.067662
1.068395
1.241142
1.246031
1.976833
1.247877
1.168931
1.171891
1.669657
0.854232
1.995382
1.913720
1.506062
1.591526
0.864742
1.599238
1.920102
1.359901
1.192422
1.192422
1.282204
1.198696
1.197664
2.017488
1.525208
1.047864
0.965550
1.378368
1.205240
1.617108
1.381355
2.027319
1.060709
1.625744
0.977717
1.218194
1.545358
1.305967
1.308873
1.399008
1.549052
0.580976
1.638997
1.638182
1.640029
1.642907
1.556656
1.645786
1.649479
1.561924
1.887296
1.653390
2.063384
1.010251
1.165509
1.251544
1.575802
1.253608
0.927720
1.255264
1.026654
1.262624
2.084077
1.350885
1.351673
1.682394
1.510814
1.919477
1.040830
1.278266
1.041916
1.457396
1.609151
1.609042
1.377146
1.056256
1.288124
1.291709
1.207522
1.791838
1.705695
1.383881
1.702925
1.384017
1.710963
1.708899
1.385212
1.385212
1.204453
1.291492
1.469617
1.468530
1.470296
1.060275
1.467308
1.144951
1.056744
1.287228
2.113787
1.614854
1.697168
1.462013
1.697168
0.871695
1.372122
1.371199
1.686685
1.038984
1.682394
1.999781
1.502993
1.677560
1.437978
1.351537
1.675931
1.024970
1.349690
1.676528
1.263384
1.353655
1.355502
1.763839
1.766799
1.361042
1.361178
1.451421
1.132405
1.692659
1.051041
1.788253
1.291981
0.977662
1.306727
0.752990
1.403027
1.173792
1.087704
1.006422
1.513340
1.103129
1.109158
1.525561
1.114426
1.764898
1.036892
1.538325
1.543213
1.546472
1.546608
1.552718
1.699449
1.147939
1.795966
1.567383
1.477791
1.574172
1.398763
1.169990
1.728887
1.088790
1.179550
1.690677
1.742982
1.516735
1.201927
1.662461
1.341108
1.024264
1.213333
1.536016
1.313870
1.225989
1.546309
1.227998
1.968577
1.464565
1.242011
0.925928
1.889061
1.382985
1.480126
1.160648
1.258849
1.263629
1.263194
1.588050
0.855563
1.403923
1.087323
1.507067
1.509619
1.837544
1.199347
1.425459
1.299422
1.079203
1.212953
1.955759
1.413320
1.222567
1.964504
1.649588
2.066778
1.657898
1.247171
0.924597
1.665964
1.671640
1.771063
1.680357
1.268191
1.686305
1.272265
1.373996
1.279923
1.159616
1.487568
1.809897
1.397134
1.820760
1.724868
1.634516
1.200868
1.843572
1.850498
1.439282
2.083344
1.452535
1.043139
1.147151
1.156955
0.945318
1.708302
1.819022
1.090419
0.995070
1.104623
2.054802
2.056893
1.861686
1.233728
1.137564
1.032629
1.153234
1.576155
1.789448
1.274980
1.386787
1.294045
1.194758
1.514969
1.945820
1.318269
1.537944
1.650240
1.235249
0.920741
1.668326
1.039255
1.359901
1.476515
0.955393
2.122614
0.965903
1.396726
1.294099
0.773738
0.781858
1.421141
1.112308
1.861035
1.755230
1.446126
1.031162
1.146309
1.365360
1.591526
1.487024
1.702925
1.615098
1.402783
1.099110
1.439336
1.226043
1.978273
1.991118
1.461958
1.271341
1.171538
1.718893
1.304419
1.630578
1.324841
1.654449
1.668136
1.563798
1.805770
1.819267
0.969678
1.844550
1.313897
0.894507
1.301540
1.545711
1.242500
1.141747
1.157987
1.286386
1.182048
0.761192
1.440613
1.649099
1.231447
1.676202
1.376549
1.197718
1.396102
1.096801
1.545385
1.311453
1.571321
0.838020
1.157905
1.481050
1.495172
1.194350
1.208608
1.096421
1.102206
1.366283
1.746322
1.755311
0.836499
0.665924
1.600542
1.428446
1.130368
1.498729
1.817800
1.209070
1.215099
1.226423
1.365251
1.370710
0.946051
1.834040
1.580826
1.106822
0.987140
1.432683
1.620937
1.455739
1.155108
1.342792
1.045284
0.918188
1.502450
1.207956
0.776047
1.399904
1.545576
1.282041
1.695429
1.095742
1.138352
0.572720
1.297901
1.030891
1.145331
1.460818
1.193101
0.730966
1.218276
1.364002
1.511602
0.942467
0.811405
0.962834
1.115268
1.427767
1.441835
1.452752
1.460519
1.029587
1.488980
0.751850
1.210346
1.384832
1.089849
1.567356
1.566867
1.436240
1.003380
1.607929
1.617108
1.340755
1.501309
1.359304
0.928752
1.395885
0.949690
1.412260
1.729105
1.294534
1.459949
1.474206
1.185660
1.350342
1.364219
1.375272
0.790277
1.107800
1.118826
0.980921
1.448380
1.314630
1.478063
0.890569
1.199429
1.227672
1.243233
0.804019
1.132187
1.428392
1.145494
0.865829
0.585022
1.500820
1.655155
1.354280
0.798859
1.245705
1.420869
1.271287
1.580065
1.463914
0.888369
1.036702
1.344286
1.222703
1.206897
0.801792
1.106687
1.414026
0.974974
1.736193
1.169664
1.808241
0.742317
1.506741
1.232995
0.498445
1.261239
1.154809
1.578436
1.138732
0.868137
1.340782
1.187208
1.254558
0.640912
1.407617
0.966990
1.152610
0.712363
1.187480
1.372556
0.931631
0.885871
1.247986
0.806897
1.458455
1.294425
1.594757
0.867214
0.987765
1.359820
1.199320
1.208689
1.044795
1.522546
1.151197
1.630035
1.105627
1.477248
1.028446
1.044714
1.240816
1.358272
0.630049
1.202199
1.582618
1.223191
0.964573
0.701962
1.089442
0.637083
0.933477
1.506632
1.238888
1.256350
1.183080
0.918324
1.302029
1.042215
1.796943
0.709783
1.556927
1.192151
0.934862
1.607847
1.515105
0.985049
0.920876
1.209640
0.760648
1.050878
1.645895
1.002837
1.566677
0.842609
1.601221
1.349989
1.288939
1.109837
0.734577
1.612926
1.165835
1.186339
0.733138
1.019349
1.037979
1.052481
1.072631
0.826070
1.310964
1.328317
1.611541
1.423259
0.975001
0.666114
1.150980
1.287744
1.508424
1.256866
1.272292
1.233674
1.567193
1.056636
0.601833
1.288478
1.358869
1.638453
0.762577
1.664959
1.211514
0.699029
1.182754
1.197799
1.679325
1.225337
1.240110
1.036322
1.260587
1.488545
0.603435
1.560702
1.316911
1.113069
0.870934
1.355475
1.367261
1.211812
1.142561
1.195192
1.169882
1.439499
1.231366
0.950071
1.260207
1.487296
0.773575
0.786339
1.050281
1.318133
1.298471
1.310203
1.358706
1.151469
1.126756
1.139981
1.657355
0.689958
1.145060
0.715486
1.159725
1.171457
1.186122
1.471871
1.261510
0.744164
1.028772
1.039255
1.744964
1.057776
1.515811
1.057070
1.091207
1.300400
1.335188
0.846819
1.331902
0.871912
1.127299
1.137510
0.921610
0.680969
0.941217
1.406856
0.941489
1.220992
1.212654
1.691111
0.984343
1.241115
1.021657
1.489414
0.814719
0.801792
1.057722
1.314250
1.294208
1.551985
1.333749
1.826762
0.877235
1.352759
0.902898
0.684391
1.400501
1.638997
1.418724
1.201547
0.970955
1.234516
1.234054
1.252548
0.552108
1.751889
1.288559
1.541312
1.090365
1.331983
0.874410
1.127788
0.901459
1.155434
1.175639
1.188539
0.969407
1.220856
1.235847
1.252874
1.034041
1.516952
1.059922
0.835250
1.078687
1.102179
1.600922
1.373154
1.389747
1.164993
1.186719
0.959711
0.503931
0.965822
1.479393
0.777948
1.259718
1.272672
0.813469
0.825853
1.296598
0.625785
1.337985
1.332228
1.588973
1.596849
1.136207
1.148998
1.157552
1.413863
0.705003
1.204887
1.215696
1.700970
0.762169
1.220286
1.473500
1.026600
1.237395
1.022146
1.522329
1.033280
1.511439
1.511330
0.796469
1.300128
1.080453
1.287337
1.318676
1.094792
1.075157
0.834408
0.614624
1.314793
0.847307
1.097643
1.100739
1.355692
1.583216
1.369053
1.372964
0.901866
0.908194
1.136913
1.167791
1.174933
0.931115
0.990969
1.189788
1.197609
1.200216
0.957267
0.714563
1.442242
1.484037
1.710800
1.461904
0.999986
1.045148
1.459161
0.810156
1.037598
1.294479
1.522763
1.278782
1.065570
0.857736
1.302464
0.909769
1.354117
1.149296
1.372991
1.165971
1.139493
1.401044
1.410685
1.379699
1.684621
1.226396
1.451041
1.457559
1.210210
1.004385
1.010251
1.277587
0.986896
1.462420
1.513286
1.261130
1.522410
1.061090
1.284078
1.287255
1.036241
1.513421
1.090419
1.567247
0.846248
1.063099
1.328100
1.287663
1.593209
1.081838
1.088084
1.351618
1.359331
0.942249
1.318160
1.160811
1.427686
1.333993
1.339506
1.344394
1.135555
0.881689
0.986298
1.150546
0.999605
0.954932
1.218819
1.225337
0.708860
1.443356
1.451584
1.404113
1.196143
0.732595
0.999089
1.261184
1.214881
1.068259
0.757037
1.702653
1.293121
0.770235
1.246737
1.046397
1.201493
0.846438
1.112987
0.793536
1.268598
0.802335
1.272346
0.806843
1.071436
0.597026
1.541339
0.755543
1.127706
1.021331
1.343308
1.079774
1.289211
1.083576
1.346567
1.088709
1.090582
1.091859
0.623912
1.299829
1.353736
1.095090
1.099544
0.833674
1.305451
1.098322
0.887908
0.891764
1.516191
1.157715
1.100848
1.366120
0.836336
1.101472
1.632099
1.046452
1.369379
0.956045
2.040273
1.365468
1.574417
1.161028
0.580487
1.108588
1.104134
1.368727
0.902355
1.051965
1.582754
1.117495
1.115621
1.114970
1.383066
0.594500
1.069753
0.924516
1.129635
0.870880
0.931767
1.400664
1.550980
1.203041
1.408486
1.409789
1.147613
0.676895
1.211785
0.745766
1.420218
1.423476
0.690936
1.221073
1.369786
1.376033
1.232398
0.909661
1.176291
1.643885
1.440423
1.118772
0.707692
1.384153
1.182157
1.238427
1.648257
0.915418
1.118826
1.650131
0.917427
1.177051
0.911127
1.235792
0.968483
0.706334
0.706334
1.112091
1.168768
0.959983
1.426083
1.367288
0.899667
0.955285
1.158448
0.953465
1.622132
1.211785
1.155325
1.620856
0.886631
1.679760
1.145087
0.942982
1.620801
1.353546
0.945644
1.209803
1.146988
1.148862
1.152718
1.152094
1.215099
1.217760
1.155271
1.217054
0.956588
1.632452
0.493502
1.640680
1.109511
0.499151
1.646356
0.911670
0.916721
1.123687
1.446940
1.654666
0.717984
1.391648
1.191091
1.400393
1.928629
1.135283
0.997270
1.201303
1.471056
1.006286
1.207685
1.208988
1.680765
1.474967
1.273758
1.277099
1.418507
1.013646
1.282503
1.951088
0.810211
0.750818
1.485395
1.427251
1.491261
1.018290
1.425377
1.428500
1.488654
1.694126
1.085640
1.224984
1.022200
1.024183
0.756684
1.228894
1.230117
1.289075
1.289781
1.493216
1.021576
1.289781
1.494520
1.490609
1.022200
0.553248
0.956317
1.552039
1.351971
1.489957
0.961259
0.821481
1.490609
1.493868
0.967506
0.968157
1.438494
1.236498
0.765102
1.033308
1.037218
1.444741
1.448488
0.981953
1.510162
1.512118
1.719518
0.983854
1.255047
0.990100
1.255047
1.195328
1.733585
0.797094
1.003951
1.211921
1.274926
1.545358
1.549269
1.347110
1.289591
0.825256
1.295321
1.366446
1.238807
1.037680
1.376413
0.847036
1.249833
1.587724
0.855455
1.122329
0.856812
1.062936
1.799822
1.135473
0.870418
0.869223
1.072496
1.811228
1.141991
0.878756
0.882585
1.080588
1.417882
0.883427
1.349799
1.625527
0.824658
1.155923
1.157281
1.427278
1.090854
1.161816
0.897548
1.296516
0.630049
1.101500
0.898825
0.836227
0.839893
1.108235
1.112091
1.113992
1.648339
1.384370
0.990290
1.389475
1.659419
1.193264
1.590276
1.195192
0.930382
1.198424
1.201031
1.203692
1.200461
1.402918
0.939398
0.740688
1.142127
1.142779
0.672849
1.214175
1.219389
0.753343
0.685341
1.226640
1.492565
1.692659
1.555189
1.157226
1.031162
0.964328
1.427930
1.226640
1.027958
1.224658
1.624006
1.425405
0.951646
0.952325
1.023422
0.482150
0.952080
1.762508
1.220639
0.951999
0.951483
1.682231
1.414406
1.813591
1.682231
1.217516
1.146635
1.409300
1.411853
1.145223
1.143322
0.948088
1.220530
0.879570
1.490528
0.954986
0.955067
1.355855
1.032330
1.431026
0.965605
0.969515
0.970031
1.515865
1.451503
1.057315
1.259962
1.066086
1.068666
1.741543
1.677723
1.286712
1.097480
1.300535
0.565360
1.116979
1.715825
1.719572
1.063425
1.340076
1.341380
1.156303
0.743023
1.444931
1.568170
1.030212
0.914766
1.855603
0.854097
1.131454
1.333369
1.418887
1.614881
1.233430
0.971036
1.362807
1.369759
0.909389
0.716980
1.541828
1.274546
1.002973
0.736397
1.015411
1.016932
0.746581
1.135066
1.218466
0.949555
0.956018
0.489917
1.233267
1.237259
0.962943
1.242283
0.783298
1.250023
1.251978
1.253336
1.251381
0.980650
1.342439
1.174661
1.262434
1.541040
1.812396
1.075374
0.994826
1.269495
1.084390
1.552881
1.359440
1.004358
0.627170
1.367967
1.098241
1.102151
1.292551
0.829628
1.106877
1.106171
0.837286
1.308791
1.584954
1.310746
1.228433
1.589706
1.593562
1.133491
1.323239
1.412695
1.139846
1.138433
0.677764
1.426083
1.615994
0.792042
0.882177
1.245325
1.353764
1.170859
0.996781
1.090148
1.458591
1.092076
1.185307
1.846180
1.194432
0.922859
1.116029
1.858346
1.675713
1.681606
0.943553
1.227238
1.331739
1.143376
1.234896
1.053920
1.242120
0.971172
0.884784
0.791336
1.537917
0.799891
0.804535
0.997243
1.469101
1.195355
1.293719
1.207386
0.745793
1.313381
1.507800
1.143105
1.519532
0.783705
1.163473
1.077167
1.175150
0.812926
1.563771
1.110489
1.116979
1.221453
0.670676
0.676705
0.406708
1.342874
0.884784
1.072849
1.362047
0.721623
0.911344
1.382469
1.023531
1.493216
1.398926
1.042270
1.513693
0.776753
0.958326
0.965224
0.790820
0.974512
1.547640
0.915146
1.276936
1.102559
1.288124
1.292089
1.226477
0.564030
1.314630
1.215424
1.147287
1.433525
0.873704
0.989286
1.346078
1.527950
0.538964
1.176780
0.899639
0.906402
1.259962
0.450594
0.453391
1.088953
0.809667
1.383474
0.748020
1.039853
1.111222
1.502151
1.396509
1.400338
1.686305
1.229818
1.694941
1.410387
1.062855
1.701784
1.528249
1.425540
1.256866
0.972122
1.153750
0.984723
1.383392
1.281960
1.179387
0.897738
1.015954
1.023803
1.313978
1.322533
1.219905
1.511683
1.235059
1.357729
0.901079
1.371253
1.552474
0.812845
1.224251
1.575557
1.578952
1.012288
1.137402
1.715309
1.150003
0.990046
0.705356
1.287174
0.718853
1.063968
1.190901
1.198750
1.200759
1.205512
1.499734
1.671721
1.221589
1.229438
1.353329
0.490841
1.530286
1.699775
1.707569
1.379563
0.635671
1.556276
1.103998
1.103998
1.278755
1.453675
1.288994
1.750070
1.298471
0.965170
1.013320
1.310529
0.691316
1.030510
1.325683
1.034693
1.206354
0.881118
1.340837
1.512932
1.227184
0.935786
1.024291
1.069943
1.362210
1.532323
0.750872
1.040749
0.626356
1.375544
0.919329
1.546553
0.928236
0.926199
1.384125
1.095498
1.093733
1.094765
1.097996
1.223164
1.098431
1.262597
1.385782
1.387602
1.553288
1.384316
1.382849
1.382306
1.213062
1.049167
1.668218
0.788729
1.700046
1.495144
0.739140
1.026111
1.227564
1.345779
1.053051
1.464728
1.163418
0.867078
1.028446
1.022499
1.020517
1.138108
1.172733
1.581124
1.118446
1.397813
1.104541
1.146635
1.261212
1.256106
0.791200
1.238019
1.234923
0.604847
1.222675
0.929241
1.211731
1.371280
1.367369
0.906619
1.019485
1.016117
0.891710
1.577730
0.998411
0.875850
0.870418
0.869685
0.983311
1.315988
0.855726
1.141964
1.423965
1.423395
1.189598
1.127163
1.582075
1.122601
1.233185
1.115295
1.114752
0.992490
1.734889
1.388688
1.268843
1.096666
1.495443
0.799918
1.372394
1.082245
1.363106
1.361476
1.705396
0.895756
1.240219
1.063615
1.229356
1.801289
1.054110
1.222621
1.049358
1.792164
1.611323
1.037327
1.208880
1.315852
1.204643
1.775489
1.656160
1.195192
0.909117
0.905967
1.302328
1.189326
1.579441
1.181288
1.004276
0.997895
1.171511
1.171348
1.166351
1.163310
1.442812
0.801683
1.150872
1.434041
1.534115
1.529851
1.525126
1.693366
1.230144
1.579223
1.395939
1.569474
0.928127
0.918269
1.021223
1.301160
1.471002
1.359385
0.893258
0.880494
1.441319
1.260967
1.325656
1.498892
0.852902
1.020408
1.297602
1.114209
1.284431
0.820232
1.277913
1.372095
1.442486
1.257654
0.968266
1.068585
1.064511
1.234706
0.768361
1.228188
1.038929
1.136532
1.215452
1.390317
0.746635
0.923782
1.478769
0.834924
1.477248
1.471219
1.370112
1.005363
1.461497
1.460791
1.460084
1.356153
1.356832
1.074614
1.349799
1.630008
1.266779
0.883915
0.419634
1.061443
0.873433
1.434882
0.873052
0.684201
1.610020
0.950749
1.141638
0.954361
0.952488
0.848502
1.407182
1.586800
0.933342
1.012967
1.102939
1.095009
1.467091
0.810536
0.802009
1.260940
1.445148
1.802511
1.056337
1.701187
0.764097
1.499707
1.584438
1.758706
1.287907
1.283997
1.181614
1.081539
1.448678
1.435670
1.333423
0.774309
1.694017
0.946241
0.939153
1.391621
1.008187
1.379373
0.905288
0.712879
1.359983
1.349011
1.342548
1.146852
1.325710
1.320605
1.313978
1.217841
1.296027
1.650566
1.091723
1.085097
0.995858
1.178816
1.339072
1.250104
1.323646
0.771810
1.041916
1.500820
1.032086
1.108398
1.293420
1.292171
1.400719
1.556819
0.928671
0.733274
1.192612
1.271097
0.998465
1.650077
1.262325
1.454925
1.641767
1.640436
1.172027
1.360363
1.361612
0.975761
0.969841
0.695444
1.240165
1.077465
1.078687
1.352759
1.154429
0.958000
1.422010
0.951265
1.612247
1.066222
0.867512
0.943933
1.132568
0.929594
0.928888
1.316368
1.581559
1.108832
1.026871
1.561110
0.896679
1.480996
1.277968
0.416077
1.147368
1.529010
1.253417
1.052616
1.314413
1.036376
1.299340
1.213225
1.475917
0.999280
1.186176
0.983121
1.171131
1.228623
0.679883
1.209640
0.927829
1.388905
1.850661
1.302626
1.093244
1.283644
1.407861
1.535310
1.328643
1.315879
1.104134
1.094955
1.082435
0.746201
1.272346
1.464104
0.787480
1.577838
1.439744
1.230144
1.225011
1.418507
1.412260
1.467145
1.457369
1.392897
1.448896
1.381654
1.173819
1.372910
1.363540
1.211704
1.207739
1.347300
1.401316
1.279760
1.327937
1.114970
0.638278
0.893122
1.828011
1.354388
0.817489
1.018290
0.859012
1.263601
0.789843
1.255481
1.507610
1.761911
0.812600
1.010034
1.265747
0.791472
1.722397
0.985076
1.028990
1.019620
1.433117
0.957539
1.470160
0.732649
1.616130
0.713042
1.598641
0.912159
0.905125
1.159508
0.894914
1.354714
1.088709
1.295566
0.865476
0.815561
1.326118
1.316558
1.522818
0.836716
0.997161
1.085205
1.081295
1.025622
1.020625
0.801520
1.478008
1.261809
1.470024
0.990644
1.199890
1.194378
0.755461
1.180989
0.706524
0.482368
0.948794
0.727326
0.930056
0.963323
1.388443
1.201194
0.898200
1.401560
1.349717
1.124773
1.080806
1.068612
1.098051
0.582334
1.077004
1.067417
0.803883
1.297657
1.255807
1.280140
1.231529
0.780175
1.207848
1.666263
1.183569
1.171674
1.657355
1.363839
0.908113
1.114970
1.355013
1.096448
1.330327
1.787493
1.053377
1.509837
1.746349
1.734998
1.246492
1.457695
0.990888
1.197989
1.184628
1.152908
0.682544
1.388226
1.127353
1.319084
1.092212
1.325276
1.293800
1.052209
1.266996
1.477764
1.222730
0.981003
1.220123
0.967098
1.417746
0.925520
1.162386
1.134088
1.134197
1.586257
1.338691
1.083223
1.309905
0.817815
1.041889
1.028284
1.498105
1.003951
1.466847
1.221263
1.679678
0.958299
1.421521
0.696340
1.395993
1.150274
0.896978
1.596170
1.112064
1.570832
1.086672
1.312675
1.294642
1.046778
0.562563
1.028446
1.008757
0.759861
0.964573
1.188837
0.941407
1.152447
1.147993
1.350532
0.870119
1.080751
1.062176
1.285816
1.025405
0.763065
0.986516
1.911330
1.192694
1.170696
1.152175
1.133138
1.108126
0.589530
1.314739
0.763880
1.021114
1.030701
1.451829
1.211106
0.938855
0.882503
1.114698
0.876284
1.071790
0.833321
0.775422
0.964844
0.765482
0.706823
1.155570
0.664865
1.368782
1.085151
1.109891
1.517631
1.329023
1.261402
1.287771
1.264335
1.454897
1.435344
0.889021
0.975707
0.696421
1.145250
1.541611
1.261483
1.091859
0.812926
1.060981
1.041319
1.495606
1.417366
1.396075
0.910747
1.020028
1.139303
1.123741
1.776575
1.151904
0.868327
1.588810
1.101065
1.484662
0.530382
0.776644
1.624440
1.213822
1.390860
0.709213
0.768551
1.064023
1.318812
0.837259
1.284920
1.267811
0.591160
1.232968
1.023287
1.471273
0.794541
0.420992
1.037789
1.674871
0.830307
1.552854
1.341380
1.050254
1.123225
1.014705
1.087296
1.533192
0.956887
1.031515
1.106877
1.270255
0.974621
1.141611
1.118174
1.381301
1.184710
1.068938
1.615044
1.033987
1.473229
1.174010
1.259881
0.778871
1.044795
0.921202
1.180582
1.161463
0.968375
1.299748
0.644279
0.802118
0.778301
1.504568
1.029071
1.469101
0.707610
1.090745
0.610469
0.937279
1.153805
0.728087
1.168795
0.980867
1.127761
1.397242
0.921664
1.521894
1.212003
0.736071
0.878538
0.984886
1.257301
0.487419
0.469169
1.524990
0.591839
1.159643
0.848584
1.120836
0.675402
1.247334
0.931251
0.912593
0.738135
0.715350
0.696068
0.537606
0.811840
0.949826
1.073147
1.050009
1.183460
1.004575
0.838780
1.126864
1.109294
1.387167
0.919654
0.751469
0.729445
1.308954
0.847823
1.272428
1.106089
1.532622
1.655345
1.495769
0.874682
0.706361
1.291601
1.112200
0.945915
1.067499
0.603381
1.165564
1.307433
0.980025
0.952026
1.403597
1.218032
1.361802
0.867377
0.710027
0.989883
1.237340
1.522546
0.923891
0.904066
1.631257
0.682327
1.275306
0.944422
1.358326
1.207250
1.314576
1.288043
1.263384
1.240952
1.342330
1.443464
1.486699
1.337849
1.439554
1.229573
1.583813
1.060601
1.232316
0.896924
1.191988
1.288994
1.459243
0.815017
1.227292
1.716232
0.754782
1.364925
1.256459
1.324189
0.990861
0.991947
1.175123
0.951347
1.131318
1.742928
0.775042
0.849263
0.938339
1.660234
1.427604
1.405960
1.701187
1.676800
1.657952
1.216891
1.296272
1.282204
1.364056
1.125398
1.105437
1.085287
0.839486
1.872495
2.069277
1.722505
1.060791
1.262977
1.332934
1.538134
1.193807
1.487703
1.467933
0.898010
0.870255
1.583813
1.146200
1.531535
1.651896
1.394961
0.636322
1.258849
1.322207
0.645909
1.265964
1.158394
1.863913
1.110787
1.250865
1.543240
1.191119
1.331033
1.463235
1.359277
1.412288
0.903740
0.955665
1.506985
1.478470
1.532133
1.507718
0.681186
0.730450
1.757674
1.402348
1.381708
1.429913
1.072523
1.701621
0.955122
1.256622
1.628460
1.215017
1.844143
1.099463
1.203502
1.709959
1.416687
1.332988
1.365360
1.013483
0.991920
1.405444
1.539601
1.186067
0.884784
0.861375
1.497806
0.914685
1.443084
1.364817
1.109918
1.085097
1.292796
1.313245
1.290134
1.313136
1.566921
1.166867
1.477818
1.495823
1.470893
0.783108
1.128901
1.686196
1.414352
1.014841
1.362074
0.965822
1.600216
1.613795
1.224359
1.124529
1.171728
1.113965
1.782278
0.760214
1.040477
1.349446
0.964627
1.248393
1.252766
1.259229
1.212166
1.163690
1.198505
1.152365
1.460193
1.106388
0.752583
1.376087
1.047457
1.382224
1.335541
1.315553
1.276854
1.311751
0.919872
1.251761
0.859555
0.856514
0.835657
1.129852
1.138379
0.757906
1.442758
1.395341
1.038223
1.671151
1.662135
1.641169
0.947083
0.916667
1.238454
1.546879
1.196414
1.173928
1.482924
1.116490
1.444116
1.749337
1.389041
1.702246
1.343091
0.987901
0.963269
1.607386
0.912648
1.218493
1.193454
0.836227
1.475292
1.116843
1.423341
1.397215
1.033280
1.000257
1.309470
1.288776
1.250104
0.901785
1.189408
1.145766
1.150844
1.103536
1.092809
1.379264
1.364002
1.649045
0.954036
1.611188
0.892280
1.243043
1.519152
1.490989
1.464946
0.407522
1.019376
1.350858
1.317970
0.956697
0.962997
1.268191
1.275523
1.183297
1.185633
1.456391
1.467227
1.734400
1.748305
1.097535
1.403271
1.046289
1.353302
1.616891
1.552664
1.197582
0.924760
1.521161
1.497045
1.425839
1.400474
1.093841
1.400012
1.044849
1.683616
1.043926
1.302898
1.332282
0.923103
0.899830
0.930300
1.178979
1.210835
1.519830
1.382849
1.145576
1.396699
1.310991
0.689062
1.384424
1.091316
1.012587
1.320061
0.965577
1.599646
1.906116
0.832887
1.206598
1.188457
1.557552
1.467607
0.858035
0.763011
1.000909
1.050498
1.352976
1.261537
1.308221
1.025378
0.858686
0.911181
1.287011
0.864199
0.841170
1.062583
1.520156
1.017774
1.070486
1.128874
1.104297
1.402620
1.218167
0.955502
1.662868
0.585348
0.971226
1.505274
1.243288
1.309416
1.049874
1.178355
1.156194
1.125995
1.422635
1.079339
0.874112
0.711005
1.743987
0.888043
1.184085
0.931332
1.225636
1.523035
1.180147
1.054219
0.706198
1.099762
1.390888
1.367179
1.023096
0.894045
0.754104
1.263031
1.335378
0.888994
1.607440
1.368754
1.346458
1.107338
1.077818
1.055794
1.143756
1.431461
0.981926
1.387466
0.618317
0.594229
1.113748
0.776481
2.014066
0.821426
1.029506
1.089578
1.066956
1.160567
0.948061
0.690909
1.531997
1.270798
1.247959
0.791798
1.329295
0.812112
1.291926
1.273785
1.192612
1.544544
1.779726
1.144978
1.186448
0.986706
1.464239
1.571456
1.429152
0.798424
1.348414
0.460805
1.194187
1.173657
1.160458
0.842120
0.827808
1.122275
1.107854
0.958924
1.826110
1.505301
1.489604
1.305967
1.160377
1.758434
1.304799
1.427550
1.106497
0.959032
0.369475
1.066304
1.359249
1.209531
0.582116
1.317156
1.165917
1.147911
1.272020
1.255862
1.238182
1.085232
0.909335
1.053105
1.037734
0.718989
1.144408
1.432493
0.971905
1.255617
1.227238
1.066331
1.190603
1.632343
1.463072
1.150546
1.136587
1.271667
1.102396
0.934727
0.921148
1.052236
1.039391
0.278688
0.861375
0.844592
1.129254
1.112688
0.802063
0.943526
1.071952
1.058645
1.792354
1.168958
1.016660
0.864661
0.990046
1.271586
0.807549
1.084825
1.384098
0.921284
0.766949
0.891900
1.194540
0.566881
0.851272
0.975843
1.734210
1.270201
1.098892
1.082082
0.911046
0.929268
1.051041
1.495878
1.322560
0.885273
1.003896
0.702342
1.149188
1.435263
1.296353
1.121650
1.532975
1.525751
1.388118
0.927014
0.921392
1.531454
0.901513
0.767954
0.881661
0.878104
1.496421
0.739357
0.856161
1.014868
1.005254
1.293339
0.999307
0.990209
0.987928
0.982198
1.096177
1.261184
0.799918
1.539737
0.789218
1.076298
1.234706
0.772136
1.516354
1.051530
1.385293
1.503237
1.086292
1.080561
0.617394
1.644428
1.642717
0.891574
1.170805
1.166433
0.703048
1.438223
0.858741
1.261700
0.676814
0.957675
1.124257
1.000583
1.688885
0.938556
0.644225
1.097942
1.436485
0.910638
1.653064
0.961640
1.068531
1.236145
1.058482
0.876529
1.392083
1.329621
1.324244
0.862407
1.031461
1.196985
1.653091
1.016307
1.185796
0.900373
0.721488
1.348902
1.633348
0.712227
1.167600
1.167437
1.452046
0.986733
1.446506
1.730408
0.806463
1.902477
1.094412
1.263954
0.802769
1.087188
0.974675
0.803638
1.155380
0.691750
0.979237
1.725085
1.087378
0.870554
1.159453
1.552609
1.442704
0.873568
0.980894
1.155868
1.157118
0.981084
0.695118
1.441129
0.978341
1.548753
1.266154
1.154456
1.726878
1.902558
0.978151
1.437435
0.976522
0.974322
1.437870
1.439146
1.258903
1.259066
1.257763
1.255726
1.083005
1.260940
1.257600
0.511480
1.257600
1.254830
1.258007
1.544489
1.147667
0.688872
1.542235
1.142833
0.968673
0.969760
1.317807
1.252223
1.143919
0.963568
1.137510
1.422281
1.420163
1.245542
1.593291
0.951700
0.951700
1.302192
1.231855
1.517196
0.947110
1.401180
1.508479
1.685218
1.045175
1.399062
1.223707
0.933613
1.216456
1.393522
1.675170
1.217027
0.933776
1.106931
1.391974
1.502884
1.393386
1.396781
1.576616
1.399062
1.226314
1.230388
1.231121
1.411663
1.701893
1.130775
1.135229
1.250593
0.965197
1.255400
1.260614
1.261918
1.332608
1.272509
1.339941
1.168687
1.632560
1.286767
1.008269
1.760118
1.015764
1.020870
1.312919
1.602932
1.037110
1.330924
1.505030
0.934509
1.338501
1.512389
0.771647
1.060682
1.693936
1.523144
0.779577
1.238807
1.815247
1.361313
1.072550
0.671545
0.785823
1.128766
1.361313
1.077846
1.076569
0.679367
1.540008
1.190413
0.963948
1.543267
1.715716
1.374838
0.918134
0.914006
1.088654
1.265638
1.726497
0.812845
0.816375
0.931495
1.108343
1.573032
0.659297
0.952786
1.301323
1.589896
1.422743
1.427957
1.146472
1.784044
1.330327
1.162739
0.761708
1.174634
1.179006
1.067580
1.074587
1.367098
0.749215
1.046533
1.099979
0.651123
1.408757
0.835467
1.377662
1.434937
1.274519
1.161952
1.007916
0.726892
0.739357
1.498105
0.760866
1.229193
0.910747
1.084363
0.933939
1.112335
0.369393
0.964735
1.141855
0.857899
1.164477
0.885273
1.187452
1.035507
1.208309
1.056391
1.070676
1.405634
1.412125
1.101744
1.409137
0.853010
0.998682
1.464321
1.178192
1.165129
1.037055
1.337171
1.507447
0.612804
1.071762
0.926009
0.935297
0.940077
1.246601
1.257817
1.577377
0.980758
1.144843
1.443057
1.153642
0.866399
1.014922
0.869549
1.033009
1.333694
1.198370
1.054626
1.357892
1.225255
0.938203
1.539764
1.098838
1.108615
0.969515
1.278049
1.437843
1.296625
0.855780
0.869929
1.025921
1.190032
1.202579
0.611148
1.373643
1.085097
1.244021
0.811134
1.722668
1.286712
1.301757
1.170588
1.483141
1.489713
1.060248
0.927231
0.943987
0.959358
1.415872
1.431678
1.592123
0.713911
0.873161
1.334292
1.365414
0.772815
0.929648
1.245053
1.263493
1.139764
0.709022
1.167492
0.573046
1.028935
1.214528
1.230171
0.936655
1.258740
1.136125
1.111819
1.605838
1.181885
1.024128
0.734686
1.668951
1.372394
1.083820
1.409192
1.115974
1.440857
0.838889
1.466874
1.176535
0.886495
0.900346
1.406150
1.549052
1.122139
0.957349
1.102966
1.300563
0.569760
1.330191
0.907597
1.109158
0.942629
0.648244
1.846017
1.427278
1.008214
0.904881
0.732052
1.060356
1.082354
1.295837
1.117794
1.018317
1.352107
1.174417
0.767899
1.335541
1.352189
1.258740
0.966202
1.095253
0.890162
0.823898
1.358951
0.954850
1.403353
0.787806
0.920523
1.148862
0.960037
1.291709
0.787398
1.122166
1.251408
1.591960
0.976386
0.577445
1.237938
1.152935
1.595572
1.184302
1.318921
1.342548
1.464810
1.062420
1.184655
1.106931
1.126729
1.150600
1.495498
1.513313
1.309932
1.463180
1.577404
1.694615
1.717155
0.589883
1.577784
1.275686
0.739602
1.497317
0.697345
1.129825
0.503550
1.080534
1.508289
0.797229
1.143756
0.754592
1.114318
1.612111
1.387629
0.918324
1.103808
1.769732
1.224604
1.003136
0.775341
1.120944
1.144381
1.085585
1.032113
1.055712
1.300888
0.843994
1.267295
0.958435
0.979455
1.181478
0.543417
1.686739
0.982225
0.601914
1.350315
1.370058
0.990861
1.081729
1.101663
0.789571
1.203475
1.092185
1.174064
1.129309
1.213605
1.229139
1.188674
1.007780
1.229655
1.188674
0.941978
1.616130
1.367098
1.329811
1.076732
1.367560
1.059623
0.803421
1.368184
1.172000
1.242853
1.539710
1.505193
0.860452
0.932473
0.899612
1.246927
1.320496
0.960037
1.024590
1.273215
1.389991
1.073473
1.754632
1.299666
1.411011
1.146689
1.164939
1.797296
1.156086
0.846058
0.817597
0.882666
1.564993
1.577377
1.306809
0.994826
1.385646
0.948251
1.378504
1.390670
1.741977
1.391784
1.406557
1.167220
1.110434
1.824128
1.435208
1.526022
1.172516
1.190820
0.877126
1.188457
1.272346
1.289238
0.938474
1.261266
1.007209
1.293420
1.008622
1.358245
1.400338
1.418099
0.767737
1.057125
1.741108
1.757022
1.437707
1.147857
0.831230
1.510570
1.502558
1.161707
0.886088
1.214854
0.920415
1.288668
0.926742
0.963839
1.307542
0.967370
0.983718
1.014026
1.364165
1.044904
1.018127
1.386651
1.048950
1.079774
1.447755
1.128032
1.123578
1.822471
1.152610
1.179034
1.194133
1.192992
1.887622
1.579957
1.244727
1.590249
0.913327
1.274790
1.286006
1.312620
1.315418
1.661048
1.008567
1.360662
1.039364
1.399958
1.407236
1.761340
1.786189
1.122465
1.478334
1.158095
0.839866
1.527353
1.201982
1.565400
1.242120
0.932608
0.949745
0.964708
1.651027
1.668951
1.351401
1.037001
1.390725
1.404168
1.087405
1.105655
1.793929
1.475401
1.153153
1.170126
1.515540
1.535908
0.877832
1.228976
1.245325
1.584139
1.289808
0.952243
1.307216
0.979237
1.317509
1.337741
1.017258
1.352623
1.706998
1.398302
1.052725
1.743498
1.435860
1.434041
1.455658
1.148808
1.817800
1.129119
1.156140
1.168307
1.192830
1.204426
1.217027
1.544163
1.222893
1.217298
1.223979
1.586257
1.578952
0.937225
1.304527
1.004412
1.641006
1.320822
1.312104
1.676392
1.377744
1.035317
1.381328
1.059596
1.407399
1.394228
1.433362
1.475048
0.820014
1.168877
1.516735
1.167818
1.209151
1.507284
1.185497
0.896842
1.217380
1.591363
1.606897
0.986706
1.274546
1.322261
1.336899
1.044062
1.361123
1.042840
0.721107
1.404493
1.453159
1.130992
1.479936
0.829547
1.211432
1.193726
1.505084
1.220611
1.159263
1.541366
1.001995
1.275279
1.622892
1.006476
1.313815
1.368401
1.005010
1.017529
1.073229
1.084363
0.435114
1.733613
1.496095
1.093054
1.105682
0.783678
0.841441
1.804140
1.568333
1.580690
1.593997
1.226152
0.863249
1.586311
1.261510
1.604778
1.619552
1.533844
1.029804
1.657409
1.382768
1.065190
1.693420
1.653471
1.389367
1.406069
1.468585
1.483956
1.114589
0.846520
0.813714
1.161897
1.505247
1.522926
1.484689
1.494547
1.455821
1.915947
1.270852
0.902382
1.305451
1.261157
1.668544
1.030185
1.315743
1.064837
1.022798
1.037626
1.445637
1.075673
1.157960
1.771225
1.199320
1.148835
1.233212
1.188756
1.275415
1.366120
1.250023
1.662243
1.681851
1.633158
1.134550
1.342249
1.107148
1.848732
1.142616
1.088138
1.576128
1.450932
1.219145
1.159670
1.829233
1.272047
0.886441
1.306374
0.923239
0.937850
1.034095
0.804888
0.985592
1.407997
0.695036
0.951401
1.292578
0.739439
1.398845
1.496475
0.781560
1.526674
1.137510
0.743784
1.569854
0.939479
1.603964
1.121840
1.310068
1.412722
1.164912
1.355230
1.517766
1.383745
1.314168
1.420190
1.433660
0.946866
1.286386
1.068666
1.731250
1.428609
1.121705
1.137918
1.247551
1.583541
1.186964
1.753818
1.126050
1.143865
1.480099
1.365740
1.289129
0.988580
1.004955
1.123823
2.099747
1.373616
1.393250
0.978423
1.214474
1.033172
1.153044
1.484662
1.083712
1.631230
0.804725
1.460546
1.163771
0.966799
0.987358
1.539438
1.558448
1.365876
0.962672
0.990019
1.642283
1.867770
1.143349
1.053703
1.298173
1.402864
1.422635
1.754089
1.568714
1.589760
1.066005
1.195572
1.412423
0.684771
1.558530
1.774674
1.598179
0.437232
1.198533
1.335921
1.231040
1.370683
1.579223
1.280846
0.555367
0.574377
1.269576
1.163608
1.184058
1.075456
0.971389
0.684092
1.318486
0.972340
1.175204
0.828379
1.031814
0.797338
1.511547
1.269658
1.112308
1.307488
1.023803
0.874084
1.066847
1.530612
1.110706
0.993142
0.981980
1.038495
0.752583
1.217461
1.237856
1.395070
0.975761
1.443953
1.162603
1.047620
0.786692
1.392110
1.273677
0.998628
1.322288
0.890949
1.216321
0.942005
1.562250
0.538936
1.011935
1.186013
0.911507
0.931875
1.255156
1.279108
1.445365
0.875497
1.648719
0.919546
0.942684
1.730001
1.437001
1.167003
1.193237
1.507229
1.233810
1.708981
0.820177
1.002756
0.570357
1.041944
1.193862
0.631706
1.688722
1.127435
1.149133
1.330870
1.313544
1.334319
1.226124
1.079828
0.811052
1.117957
0.848991
1.039092
0.597270
1.077167
0.928698
1.236906
1.431406
1.282150
0.899857
1.491967
0.880168
0.613782
0.920849
0.941760
0.958870
1.154809
1.460302
0.909335
1.035670
0.776237
1.537102
0.813741
1.014542
1.593562
0.872102
1.078416
0.999986
1.119315
1.420000
1.157444
1.459405
1.297249
1.223789
1.338311
0.991295
1.475455
1.500712
1.248149
1.544707
1.379482
1.211894
0.870853
1.635548
1.000257
1.214718
1.237775
1.145250
0.617611
0.833892
1.128114
0.950722
0.899069
1.119559
0.939371
0.763609
1.718866
0.801167
0.556779
1.049874
0.598085
1.085748
0.904528
1.060519
0.819091
0.965713
1.249045
1.209233
1.699747
0.776508
1.736600
0.820503
0.839323
1.331060
0.826505
1.052915
1.125507
1.199456
1.426925
0.455618
1.258442
1.275252
1.508289
1.531644
1.503699
0.585348
1.168632
0.885898
0.949473
1.101418
0.986244
1.264661
0.520551
1.264606
1.287826
1.781002
1.072957
1.349174
0.679367
1.168252
0.935759
0.952868
0.935976
0.987276
1.006503
0.799673
1.510977
0.778301
0.594066
1.083875
0.605254
1.341135
1.337768
0.679611
1.409246
1.179251
1.176725
0.984479
0.756602
1.227998
1.010414
1.043193
1.041971
1.054300
1.314114
1.067852
0.849561
1.351292
0.405757
1.363486
1.148156
0.930952
0.697562
1.173276
0.962726
0.962726
1.209531
1.238291
0.994500
1.718676
1.263900
1.504242
1.275578
1.047104
1.056174
0.596184
1.555135
1.327665
1.104215
1.587425
0.652997
1.608580
1.146526
1.390046
1.161843
1.174172
1.185416
1.433307
0.969732
0.980378
1.466494
0.767981
0.540158
0.788892
1.041075
1.285490
0.823681
1.074695
1.796590
1.330571
1.349038
1.108452
1.368754
0.666223
1.147504
1.161463
0.934808
1.417746
1.196333
0.978586
1.000583
1.231882
1.014325
1.253798
0.794296
1.048543
0.811514
0.823355
1.308438
1.074369
1.330816
1.568877
1.116300
1.127788
1.123334
1.130829
0.894561
1.150220
1.400121
1.654449
1.172869
0.954307
0.964898
1.198451
1.448733
1.005118
1.238590
1.019457
0.780663
1.259691
0.990616
1.270336
1.051259
1.251897
0.785579
1.038984
1.066222
1.568116
0.800787
0.800189
0.803856
0.832941
1.055875
1.057722
1.059623
1.085830
0.814909
0.845135
0.844510
1.071518
1.348875
1.070975
1.101527
0.828976
0.828352
1.329648
0.859121
1.107936
1.333477
1.337985
1.089550
1.094656
0.877045
1.377526
0.660248
1.612600
0.891031
1.119043
1.156222
1.155597
0.910855
0.917808
0.948821
1.179006
0.907189
0.722167
1.393006
1.175693
0.956751
1.440015
1.417366
1.452779
1.242147
1.029261
1.471762
1.009002
1.490229
1.275877
1.031950
1.037028
1.004141
1.012071
1.055522
1.311643
1.320034
1.325819
0.820123
1.298281
1.305722
1.310068
1.317617
0.890325
0.637762
1.116545
1.555624
1.163337
1.131889
0.960689
0.884459
1.359928
1.364871
1.621399
1.371769
1.415492
1.375517
1.418045
1.851991
0.947681
1.382903
1.212546
0.956154
1.214555
0.921936
1.647524
1.357104
1.185470
1.399198
1.659093
0.975055
1.658333
0.973100
1.191798
0.931929
1.190548
1.190548
1.658930
1.187996
1.190548
1.146852
1.619742
1.191227
1.188023
1.444795
0.973752
1.441509
1.402402
1.447402
0.933179
1.443328
1.225853
1.656377
0.973100
0.935053
1.230524
1.152392
0.722818
1.232479
0.940050
0.945046
0.903957
0.517265
1.207060
1.504079
1.426464
1.217950
1.436621
1.226858
1.444550
1.014814
0.548550
1.713652
0.987520
1.249833
1.038929
1.251055
1.724977
1.000637
1.302273
1.219498
1.524040
1.522057
1.050661
0.795057
1.264443
1.525859
1.269522
1.266344
1.267621
1.054572
1.009382
0.797582
1.226776
1.481919
1.055224
1.266942
1.263737
1.007508
1.054572
1.222485
1.098512
0.797582
1.478769
1.008757
1.312186
0.793753
1.008757
1.267594
0.835575
0.792504
1.310176
1.521215
1.478171
1.524556
1.520645
1.006884
1.523307
1.307569
1.053268
1.011256
0.578749
1.048706
1.308845
1.307515
1.010631
1.315472
1.055875
1.313462
1.529716
1.015004
1.019376
1.068259
0.979835
1.545358
1.501798
1.286685
1.034991
1.041862
1.300074
1.256622
1.092375
1.305179
1.356697
1.104107
1.105410
1.581695
1.278592
1.323022
1.325547
0.857709
1.330055
0.652644
1.124963
0.390576
0.865394
1.340837
1.294425
1.605104
1.137999
1.301106
1.137999
1.611568
1.093705
0.886495
1.313326
1.149079
0.891003
1.671857
1.105573
0.899911
1.211215
1.421738
1.329159
1.121189
0.699789
1.435697
1.129933
0.920388
1.445012
0.978233
1.349907
1.144924
0.990888
1.152420
0.426179
1.162413
1.633674
1.217516
0.700604
0.701853
1.227944
1.651706
1.180527
1.184900
0.978613
1.189897
1.457369
1.201764
1.304908
0.732595
1.730272
1.208635
1.004820
1.011202
1.219878
1.224251
1.489224
1.020136
0.818792
1.295729
1.504568
1.038006
1.041889
1.041889
1.047647
0.790875
1.317237
1.736871
1.063697
1.380948
0.862190
1.753655
1.756153
0.822268
1.091153
1.091832
0.892226
1.164939
1.374593
0.648679
1.596197
0.921746
1.339805
1.611459
0.940674
1.154511
1.366039
0.959766
1.435208
1.441074
1.182048
0.984696
1.664905
0.993196
1.407263
1.414759
1.420380
1.020001
1.168877
1.031678
1.242147
1.044822
1.250457
1.195219
0.999986
1.269712
0.805186
1.278049
1.343091
1.486590
1.088953
1.025894
1.297928
1.771769
1.102097
1.308818
1.113204
1.518445
1.323510
0.457220
1.327367
1.130938
1.337605
0.872292
0.946839
1.152012
0.685613
1.559670
0.696639
1.368972
1.444550
1.116382
0.920605
1.393956
1.599646
1.475292
1.145277
1.425269
1.701132
1.241604
1.448325
1.256676
1.196170
1.278321
1.484146
1.028555
1.038332
1.587941
1.404955
1.811282
1.007400
1.096856
1.303604
1.190983
0.855482
1.414759
1.426491
1.168469
1.260913
0.996129
1.202742
1.766201
1.311262
1.243396
1.173765
1.625092
1.090202
1.104650
1.030592
1.320279
1.145603
0.690881
1.168795
1.647850
1.191390
0.465096
1.220394
1.042324
0.963541
1.064892
1.260478
0.809423
0.916423
1.480154
1.305668
1.316314
0.858958
1.149432
1.346241
1.632750
0.990290
0.818032
0.919410
0.833349
0.845461
0.669047
1.608064
1.156656
0.881797
1.272237
1.283019
1.373290
1.384750
1.213469
1.320632
0.768551
1.239106
1.606788
1.362101
1.271124
1.097752
1.288124
0.837015
0.843587
0.855998
1.046588
0.875904
0.993848
1.535310
0.904582
1.202117
1.107637
0.763554
1.522057
1.357376
1.539764
1.093081
1.282530
1.466928
1.652874
1.429342
1.037300
0.878701
1.526131
1.075293
1.662379
1.561408
1.684947
1.292687
1.306048
1.030103
1.162386
0.888858
1.303142
1.198180
1.670771
1.393440
1.118174
1.542507
1.263547
1.399524
0.832507
1.424237
1.315064
1.203855
0.881661
1.060329
1.072957
1.207956
1.348875
1.109457
1.119586
0.969488
1.436919
1.153289
1.331250
1.315499
1.489496
1.050770
1.520727
1.237965
1.251625
1.106795
1.573140
1.295022
1.445202
1.456826
1.019485
1.035426
1.361775
0.612343
1.395260
1.250946
1.265448
0.687677
0.995369
1.012424
0.576766
1.181532
1.347164
1.206897
1.371090
1.235385
1.555841
1.118935
1.580880
0.849181
1.306727
1.325276
1.192531
1.652765
0.918568
1.230986
1.391159
0.954714
0.823816
1.284214
0.997732
1.167057
1.624196
1.338474
1.355529
1.525479
1.082517
1.095471
0.816131
1.579359
0.847389
1.003245
1.321474
1.335134
1.347029
1.502341
1.376223
1.388118
1.405417
1.421928
1.572950
1.143050
1.158883
1.170778
1.355366
1.066738
1.076732
0.922940
1.412885
1.425595
1.578110
1.153533
1.163989
1.008051
1.196414
0.899558
1.356045
1.505301
1.823829
1.223816
1.546309
0.547382
1.485015
1.015302
1.642473
1.173059
1.318758
0.761355
1.265258
1.282041
0.804942
1.440667
1.892781
1.284214
1.608825
0.751252
0.762549
1.215560
1.232887
1.369080
1.695538
1.277750
0.857165
1.622648
1.332608
1.346621
1.173982
1.381980
1.397677
1.106388
0.813469
1.065706
1.355882
1.414107
1.624114
1.643342
1.153913
1.253037
0.960173
1.294588
0.681268
1.331658
1.780215
1.685816
1.279271
1.094058
1.218303
1.125995
1.034312
1.475863
1.496231
1.089442
0.785497
1.543892
1.246628
1.577703
1.173249
0.874247
1.627808
1.221508
1.874369
1.148916
1.373779
0.867920
0.560526
1.838901
1.652657
1.446832
1.783419
1.379807
0.972910
1.089713
0.883644
1.113938
1.228569
1.371443
1.897887
1.400556
1.095471
1.297792
1.120537
0.816239
1.468992
1.580092
0.954660
1.514290
2.036389
1.128521
1.967437
0.514413
1.496095
1.043111
1.699476
0.657777
1.636227
1.329621
1.343906
1.355393
1.282068
1.881348
1.393522
1.584112
1.338610
1.348984
1.536505
1.227211
0.827999
1.169719
1.103536
1.524420
1.457993
0.502111
0.755244
1.505600
0.959548
1.866602
1.155868
1.412206
1.668354
1.609069
0.979536
1.074234
1.341190
1.437055
1.450742
1.545684
1.238508
1.429913
1.201140
1.294343
1.159969
1.178490
1.340565
1.283589
0.976630
1.250783
1.192558
0.555828
1.436974
1.777716
1.070703
1.416253
1.496720
1.444116
1.065380
0.751252
1.624902
1.115513
0.865829
1.210020
1.161599
1.236906
1.518147
1.661293
1.610699
1.236200
0.985918
1.203068
0.954361
1.691953
1.047321
1.125262
1.083657
1.155950
1.385673
1.461768
1.420734
0.835358
1.456418
1.139465
1.155678
1.558774
1.188674
1.814433
0.949202
1.345997
1.206625
0.894181
1.292388
0.981274
1.049792
1.064348
1.082164
1.712403
1.063642
1.366256
1.764137
1.115784
1.180582
1.197528
1.541828
1.184031
1.204616
1.174933
1.525642
1.295946
0.974078
0.908710
1.343091
1.609585
1.335351
1.019294
1.401751
1.339995
1.142236
1.080290
1.096991
0.816620
1.123171
1.471952
1.822363
1.135039
0.817760
1.535527
1.215207
0.531658
0.878756
1.557362
0.910964
1.261266
1.636715
0.621793
0.970113
1.376114
1.363432
1.350315
1.390752
1.074125
1.727964
1.099707
0.780636
1.771741
0.809857
0.825364
1.509348
1.495362
1.535527
1.192368
1.203937
1.199429
1.570723
0.911290
0.925276
1.296462
1.307053
1.301975
1.317835
1.327394
1.009192
1.339805
1.332880
1.053920
1.387194
1.415927
1.430700
1.462094
1.123714
1.140335
1.156439
1.534441
1.172787
1.187996
1.532975
0.895376
1.582998
1.597011
1.625201
1.625798
0.978613
1.307488
0.990318
2.006326
1.370737
1.384940
1.385456
1.400366
0.748047
1.429261
1.779726
1.472142
1.133219
1.147070
1.162984
1.503835
1.513802
1.540524
1.549215
1.227184
0.906212
1.588864
1.596523
1.615913
1.285762
1.634923
1.310746
1.320387
1.669874
1.682530
1.019702
1.364708
1.711697
1.049602
1.729512
1.407073
0.747124
1.089768
1.771334
1.109321
0.783705
1.123959
1.470296
0.815235
1.154864
1.494628
1.510380
1.181016
1.521677
1.195790
1.211568
1.209613
1.544571
1.560566
1.230388
1.572081
1.239377
0.914114
0.912240
0.926226
0.930680
0.939262
0.937605
1.283236
1.287581
1.285191
1.296272
1.981531
1.329186
1.330110
0.962074
1.318541
1.653987
1.335650
1.320713
1.008540
1.012234
1.349337
1.693366
0.998112
0.690230
1.003109
1.004901
1.697249
2.027862
1.025459
1.028935
1.663547
1.354334
1.365143
1.348875
1.684947
1.017964
1.349663
1.706564
1.372339
1.024400
1.357810
1.359684
1.011989
1.358951
1.349989
1.357973
2.014799
1.033389
0.675022
1.690758
1.682666
1.021929
1.679950
1.344693
1.332337
1.344693
1.011174
0.996319
0.996374
1.686956
1.660614
1.349907
1.363269
1.350070
1.342086
0.997053
1.694072
1.017339
1.666616
1.674736
1.676365
1.018181
1.348848
1.005037
1.664932
1.673975
1.331495
1.343987
0.985810
1.351944
1.007698
1.318459
1.330653
1.320985
1.661564
1.659147
1.354796
1.340945
1.329838
1.664416
1.336383
0.990209
1.320197
1.322940
0.969325
1.312457
0.645311
0.964192
1.627482
1.616945
0.934591
1.271368
1.253119
0.931359
1.591960
1.238590
1.239757
1.227455
0.882666