  0.0000000000000000E+00
  0.0000000000000000E+00
  0.0000000000000000E+00
  0.0000000000000000E+00
  0.0000000000000000E+00
  0.0000000000000000E+00
  0.0000000000000000E+00
  0.0000000000000000E+00
  0.0000000000000000E+00
  0.0000000000000000E+00
  0.0000000000000000E+00
  0.0000000000000000E+00
  0.0000000000000000E+00
  0.0000000000000000E+00
  0.0000000000000000E+00
  0.0000000000000000E+00
  0.0000000000000000E+00
  0.0000000000000000E+00
  0.0000000000000000E+00
  0.0000000000000000E+00
  0.0000000000000000E+00
  0.0000000000000000E+00
  0.0000000000000000E+00
  0.0000000000000000E+00
  0.0000000000000000E+00
  0.0000000000000000E+00
  0.0000000000000000E+00
  0.0000000000000000E+00
  0.0000000000000000E+00
  0.0000000000000000E+00
  0.0000000000000000E+00
  0.0000000000000000E+00
  0.0000000000000000E+00
  0.0000000000000000E+00
  0.0000000000000000E+00
  0.0000000000000000E+00
  0.0000000000000000E+00
  0.0000000000000000E+00
  0.0000000000000000E+00
  0.0000000000000000E+00
  0.0000000000000000E+00
  0.0000000000000000E+00
  0.0000000000000000E+00
  0.0000000000000000E+00
  0.0000000000000000E+00
  0.0000000000000000E+00
  0.0000000000000000E+00
  0.0000000000000000E+00
  0.0000000000000000E+00
  0.0000000000000000E+00
  0.0000000000000000E+00
  0.0000000000000000E+00
  0.0000000000000000E+00
  0.0000000000000000E+00
  0.0000000000000000E+00
  0.0000000000000000E+00
  0.0000000000000000E+00
  0.0000000000000000E+00
  0.0000000000000000E+00
  0.0000000000000000E+00
  0.0000000000000000E+00
  0.0000000000000000E+00
  0.0000000000000000E+00
  0.0000000000000000E+00
  0.0000000000000000E+00
  0.0000000000000000E+00
  0.0000000000000000E+00
  0.0000000000000000E+00
  0.0000000000000000E+00
  0.0000000000000000E+00
  0.0000000000000000E+00
  0.0000000000000000E+00
  0.0000000000000000E+00
  0.0000000000000000E+00
  0.0000000000000000E+00
  0.0000000000000000E+00
  0.0000000000000000E+00
  0.0000000000000000E+00
  0.0000000000000000E+00
  0.0000000000000000E+00
  0.0000000000000000E+00
  0.0000000000000000E+00
  0.0000000000000000E+00
  0.0000000000000000E+00
  0.0000000000000000E+00
  0.0000000000000000E+00
  0.0000000000000000E+00
  0.0000000000000000E+00
  0.0000000000000000E+00
  0.0000000000000000E+00
  0.0000000000000000E+00
  0.0000000000000000E+00
  0.0000000000000000E+00
  0.0000000000000000E+00
  0.0000000000000000E+00
  0.0000000000000000E+00
  0.0000000000000000E+00
  0.0000000000000000E+00
  0.0000000000000000E+00
  0.0000000000000000E+00
  0.0000000000000000E+00
  0.0000000000000000E+00
  0.0000000000000000E+00
  0.0000000000000000E+00
  0.0000000000000000E+00
  0.0000000000000000E+00
  0.0000000000000000E+00
  0.0000000000000000E+00
  0.0000000000000000E+00
  0.0000000000000000E+00
  0.0000000000000000E+00
  0.0000000000000000E+00
  0.0000000000000000E+00
  0.0000000000000000E+00
  0.0000000000000000E+00
  0.0000000000000000E+00
  0.0000000000000000E+00
  0.0000000000000000E+00
  0.0000000000000000E+00
  0.0000000000000000E+00
  0.0000000000000000E+00
  0.0000000000000000E+00
  0.0000000000000000E+00
  0.0000000000000000E+00
  0.0000000000000000E+00
  0.0000000000000000E+00
  0.0000000000000000E+00
  0.0000000000000000E+00
  0.0000000000000000E+00
  0.0000000000000000E+00
  0.0000000000000000E+00
  0.0000000000000000E+00
  0.0000000000000000E+00
  0.0000000000000000E+00
  0.0000000000000000E+00
  0.0000000000000000E+00
  0.0000000000000000E+00
  0.0000000000000000E+00
  0.0000000000000000E+00
  0.0000000000000000E+00
  0.0000000000000000E+00
  0.0000000000000000E+00
  0.0000000000000000E+00
  0.0000000000000000E+00
  0.0000000000000000E+00
  0.0000000000000000E+00
  0.0000000000000000E+00
  0.0000000000000000E+00
  0.0000000000000000E+00
  0.0000000000000000E+00
  0.0000000000000000E+00
  0.0000000000000000E+00
  0.0000000000000000E+00
  0.0000000000000000E+00
  0.0000000000000000E+00
  0.0000000000000000E+00
  0.0000000000000000E+00
  0.0000000000000000E+00
  0.0000000000000000E+00
  0.0000000000000000E+00
  0.0000000000000000E+00
  0.0000000000000000E+00
  0.0000000000000000E+00
  0.0000000000000000E+00
  0.0000000000000000E+00
  0.6177850639779481E-04
  0.9355448117062737E-03
  0.3684558027010848E-02
  0.5627130676016577E-02
  0.7384612321859862E-02
  0.9263843623259577E-02
  0.9607359798384809E-02
  0.9263843623259577E-02
  0.7384612321859862E-02
  0.5627130676016577E-02
  0.3684558027010848E-02
  0.9355448117062737E-03
  0.6177850639779481E-04
  0.0000000000000000E+00
  0.0000000000000000E+00
  0.0000000000000000E+00
  0.0000000000000000E+00
  0.0000000000000000E+00
  0.0000000000000000E+00
  0.0000000000000000E+00
  0.0000000000000000E+00
  0.0000000000000000E+00
  0.0000000000000000E+00
  0.0000000000000000E+00
  0.0000000000000000E+00
  0.0000000000000000E+00
  0.0000000000000000E+00
  0.0000000000000000E+00
  0.0000000000000000E+00
  0.0000000000000000E+00
  0.0000000000000000E+00
  0.0000000000000000E+00
  0.0000000000000000E+00
  0.0000000000000000E+00
  0.0000000000000000E+00
  0.0000000000000000E+00
  0.0000000000000000E+00
  0.0000000000000000E+00
  0.0000000000000000E+00
  0.0000000000000000E+00
  0.0000000000000000E+00
  0.0000000000000000E+00
  0.0000000000000000E+00
  0.0000000000000000E+00
  0.0000000000000000E+00
  0.0000000000000000E+00
  0.4089025320809221E-03
  0.3086990559717672E-02
  0.1141299816814730E-01
  0.1810778754865379E-01
  0.2530445123483872E-01
  0.3668398461163308E-01
  0.4282872020324746E-01
  0.4783491149503092E-01
  0.5281701420916631E-01
  0.5369575021148329E-01
  0.5281701420916631E-01
  0.4783491149503092E-01
  0.4282872020324746E-01
  0.3668398461163308E-01
  0.2530445123483872E-01
  0.1810778754865379E-01
  0.1141299816814730E-01
  0.3086990559717672E-02
  0.4089025320809221E-03
  0.0000000000000000E+00
  0.0000000000000000E+00
  0.0000000000000000E+00
  0.0000000000000000E+00
  0.0000000000000000E+00
  0.0000000000000000E+00
  0.0000000000000000E+00
  0.0000000000000000E+00
  0.0000000000000000E+00
  0.0000000000000000E+00
  0.0000000000000000E+00
  0.0000000000000000E+00
  0.0000000000000000E+00
  0.0000000000000000E+00
  0.0000000000000000E+00
  0.0000000000000000E+00
  0.0000000000000000E+00
  0.0000000000000000E+00
  0.0000000000000000E+00
  0.0000000000000000E+00
  0.0000000000000000E+00
  0.0000000000000000E+00
  0.0000000000000000E+00
  0.0000000000000000E+00
  0.0000000000000000E+00
  0.0000000000000000E+00
  0.0000000000000000E+00
  0.1549509059039706E-02
  0.7708933188336663E-02
  0.2605218786643913E-01
  0.4142756941982607E-01
  0.5895436124474943E-01
  0.8982389617725615E-01
  0.1091992562057052E+00
  0.1278823653072280E+00
  0.1548742977102764E+00
  0.1685952009060910E+00
  0.1794478743438017E+00
  0.1900056602543034E+00
  0.1918453530993285E+00
  0.1900056602543034E+00
  0.1794478743438017E+00
  0.1685952009060910E+00
  0.1548742977102764E+00
  0.1278823653072282E+00
  0.1091992562057052E+00
  0.8982389617725615E-01
  0.5895436124474943E-01
  0.4142756941982607E-01
  0.2605218786643913E-01
  0.7708933188336702E-02
  0.1549509059039706E-02
  0.0000000000000000E+00
  0.0000000000000000E+00
  0.0000000000000000E+00
  0.0000000000000000E+00
  0.0000000000000000E+00
  0.0000000000000000E+00
  0.0000000000000000E+00
  0.0000000000000000E+00
  0.0000000000000000E+00
  0.0000000000000000E+00
  0.0000000000000000E+00
  0.0000000000000000E+00
  0.0000000000000000E+00
  0.0000000000000000E+00
  0.0000000000000000E+00
  0.0000000000000000E+00
  0.0000000000000000E+00
  0.0000000000000000E+00
  0.0000000000000000E+00
  0.0000000000000000E+00
  0.0000000000000000E+00
  0.0000000000000000E+00
  0.0000000000000000E+00
  0.6669404610792575E-02
  0.1821313902761750E-01
  0.3466298122684595E-01
  0.6967110901385988E-01
  0.9513123484074022E-01
  0.1224089091390921E+00
  0.1680007114391837E+00
  0.1956192854956396E+00
  0.2217482827937148E+00
  0.2588312900252618E+00
  0.2774377053960315E+00
  0.2920557200073998E+00
  0.3062007051068218E+00
  0.3086582838174552E+00
  0.3062007051068218E+00
  0.2920557200073998E+00
  0.2774377053960315E+00
  0.2588312900252618E+00
  0.2217482827937150E+00
  0.1956192854956396E+00
  0.1680007114391837E+00
  0.1224089091390922E+00
  0.9513123484074022E-01
  0.6967110901385988E-01
  0.3466298122684602E-01
  0.1821313902761750E-01
  0.6669404610792539E-02
  0.0000000000000000E+00
  0.0000000000000000E+00
  0.0000000000000000E+00
  0.0000000000000000E+00
  0.0000000000000000E+00
  0.0000000000000000E+00
  0.0000000000000000E+00
  0.0000000000000000E+00
  0.0000000000000000E+00
  0.0000000000000000E+00
  0.0000000000000000E+00
  0.0000000000000000E+00
  0.0000000000000000E+00
  0.0000000000000000E+00
  0.0000000000000000E+00
  0.0000000000000000E+00
  0.0000000000000000E+00
  0.0000000000000000E+00
  0.0000000000000000E+00
  0.0000000000000000E+00
  0.1481223465544580E-03
  0.5236421461342898E-02
  0.2779391380692699E-01
  0.4956736586830854E-01
  0.7637361493100799E-01
  0.1280652902663956E+00
  0.1635773912138913E+00
  0.2005473922911538E+00
  0.2607293132924647E+00
  0.2964966806595714E+00
  0.3299748934120751E+00
  0.3770020356407650E+00
  0.4004166614352903E+00
  0.4187378384726752E+00
  0.4364087489358314E+00
  0.4394734628504011E+00
  0.4364087489358314E+00
  0.4187378384726752E+00
  0.4004166614352903E+00
  0.3770020356407650E+00
  0.3299748934120752E+00
  0.2964966806595714E+00
  0.2607293132924646E+00
  0.2005473922911538E+00
  0.1635773912138913E+00
  0.1280652902663953E+00
  0.7637361493100799E-01
  0.4956736586830854E-01
  0.2779391380692691E-01
  0.5236421461342898E-02
  0.1481223465544580E-03
  0.0000000000000000E+00
  0.0000000000000000E+00
  0.0000000000000000E+00
  0.0000000000000000E+00
  0.0000000000000000E+00
  0.0000000000000000E+00
  0.0000000000000000E+00
  0.0000000000000000E+00
  0.0000000000000000E+00
  0.0000000000000000E+00
  0.0000000000000000E+00
  0.0000000000000000E+00
  0.0000000000000000E+00
  0.0000000000000000E+00
  0.0000000000000000E+00
  0.0000000000000000E+00
  0.0000000000000000E+00
  0.2911846258826732E-02
  0.1423080888845343E-01
  0.3365355018457902E-01
  0.8059019260798489E-01
  0.1178848108758253E+00
  0.1603345860189240E+00
  0.2371051799577932E+00
  0.2876663558963070E+00
  0.3391095453172847E+00
  0.4210172490110662E+00
  0.4688901732834432E+00
  0.5132701412136873E+00
  0.5750259422871172E+00
  0.6055535320418478E+00
  0.6293492708480709E+00
  0.6522298544953046E+00
  0.6561913541361919E+00
  0.6522298544953046E+00
  0.6293492708480709E+00
  0.6055535320418478E+00
  0.5750259422871172E+00
  0.5132701412136876E+00
  0.4688901732834432E+00
  0.4210172490110661E+00
  0.3391095453172848E+00
  0.2876663558963070E+00
  0.2371051799577930E+00
  0.1603345860189242E+00
  0.1178848108758253E+00
  0.8059019260798489E-01
  0.3365355018457910E-01
  0.1423080888845343E-01
  0.2911846258826756E-02
  0.0000000000000000E+00
  0.0000000000000000E+00
  0.0000000000000000E+00
  0.0000000000000000E+00
  0.0000000000000000E+00
  0.0000000000000000E+00
  0.0000000000000000E+00
  0.0000000000000000E+00
  0.0000000000000000E+00
  0.0000000000000000E+00
  0.0000000000000000E+00
  0.0000000000000000E+00
  0.0000000000000000E+00
  0.0000000000000000E+00
  0.0000000000000000E+00
  0.0000000000000000E+00
  0.1094589063589610E-01
  0.2955940793578574E-01
  0.5663965065100629E-01
  0.1165205859432390E+00
  0.1620152816233947E+00
  0.2127035974741985E+00
  0.3026359597734749E+00
  0.3610719827405002E+00
  0.4200744689186360E+00
  0.5133062544437137E+00
  0.5674780316614554E+00
  0.6175243817134718E+00
  0.6869271139161639E+00
  0.7211443451095007E+00
  0.7477784485647803E+00
  0.7733589611575969E+00
  0.7777851165098012E+00
  0.7733589611575969E+00
  0.7477784485647803E+00
  0.7211443451095007E+00
  0.6869271139161639E+00
  0.6175243817134720E+00
  0.5674780316614554E+00
  0.5133062544437137E+00
  0.4200744689186360E+00
  0.3610719827405002E+00
  0.3026359597734746E+00
  0.2127035974741986E+00
  0.1620152816233947E+00
  0.1165205859432389E+00
  0.5663965065100651E-01
  0.2955940793578574E-01
  0.1094589063589610E-01
  0.0000000000000000E+00
  0.0000000000000000E+00
  0.0000000000000000E+00
  0.0000000000000000E+00
  0.0000000000000000E+00
  0.0000000000000000E+00
  0.0000000000000000E+00
  0.0000000000000000E+00
  0.0000000000000000E+00
  0.0000000000000000E+00
  0.0000000000000000E+00
  0.0000000000000000E+00
  0.0000000000000000E+00
  0.0000000000000000E+00
  0.0000000000000000E+00
  0.9505235703140921E-03
  0.2073618571884744E-01
  0.4529357542715066E-01
  0.7859561563461953E-01
  0.1489615711056217E+00
  0.2010815623910168E+00
  0.2584154378122043E+00
  0.3589456592019788E+00
  0.4237129075831680E+00
  0.4887870085322586E+00
  0.5911045928989431E+00
  0.6503256569753645E+00
  0.7049117401484060E+00
  0.7804373792339615E+00
  0.8176075196456210E+00
  0.8465126460460437E+00
  0.8742529550231446E+00
  0.8790507650923723E+00
  0.8742529550231446E+00
  0.8465126460460437E+00
  0.8176075196456210E+00
  0.7804373792339615E+00
  0.7049117401484062E+00
  0.6503256569753645E+00
  0.5911045928989431E+00
  0.4887870085322588E+00
  0.4237129075831680E+00
  0.3589456592019786E+00
  0.2584154378122044E+00
  0.2010815623910168E+00
  0.1489615711056217E+00
  0.7859561563461966E-01
  0.4529357542715066E-01
  0.2073618571884751E-01
  0.9505235703140784E-03
  0.0000000000000000E+00
  0.0000000000000000E+00
  0.0000000000000000E+00
  0.0000000000000000E+00
  0.0000000000000000E+00
  0.0000000000000000E+00
  0.0000000000000000E+00
  0.0000000000000000E+00
  0.0000000000000000E+00
  0.0000000000000000E+00
  0.0000000000000000E+00
  0.0000000000000000E+00
  0.0000000000000000E+00
  0.0000000000000000E+00
  0.4379987028897814E-02
  0.3304277797876151E-01
  0.6352381782612433E-01
  0.1030127212737039E+00
  0.1837797683309537E+00
  0.2424589285214235E+00
  0.3063636173796495E+00
  0.4173576979251520E+00
  0.4883686220259962E+00
  0.5594257548219449E+00
  0.6706890024689129E+00
  0.7348779093655631E+00
  0.7939285006288385E+00
  0.8754727799450286E+00
  0.9155444536525459E+00
  0.9466806287906711E+00
  0.9765423553159748E+00
  0.9817051809268543E+00
  0.9765423553159748E+00
  0.9466806287906711E+00
  0.9155444536525459E+00
  0.8754727799450286E+00
  0.7939285006288389E+00
  0.7348779093655631E+00
  0.6706890024689126E+00
  0.5594257548219452E+00
  0.4883686220259962E+00
  0.4173576979251517E+00
  0.3063636173796496E+00
  0.2424589285214235E+00
  0.1837797683309537E+00
  0.1030127212737040E+00
  0.6352381782612433E-01
  0.3304277797876167E-01
  0.4379987028897785E-02
  0.0000000000000000E+00
  0.0000000000000000E+00
  0.0000000000000000E+00
  0.0000000000000000E+00
  0.0000000000000000E+00
  0.0000000000000000E+00
  0.0000000000000000E+00
  0.0000000000000000E+00
  0.0000000000000000E+00
  0.0000000000000000E+00
  0.0000000000000000E+00
  0.0000000000000000E+00
  0.0000000000000000E+00
  0.3749399456654644E-32
  0.5226775670334859E-02
  0.3546019020705873E-01
  0.6698729810778066E-01
  0.1075674470292874E+00
  0.1901666716299087E+00
  0.2500000000000001E+00
  0.3150601040404263E+00
  0.4278927431777714E+00
  0.5000000000000001E+00
  0.5721072568222288E+00
  0.6849398959595738E+00
  0.7500000000000001E+00
  0.8098333283700915E+00
  0.8924325529707126E+00
  0.9330127018922194E+00
  0.9645398097929414E+00
  0.9947732243296652E+00
  0.1000000000000000E+01
  0.9947732243296652E+00
  0.9645398097929414E+00
  0.9330127018922194E+00
  0.8924325529707126E+00
  0.8098333283700916E+00
  0.7500000000000001E+00
  0.6849398959595735E+00
  0.5721072568222290E+00
  0.5000000000000001E+00
  0.4278927431777713E+00
  0.3150601040404264E+00
  0.2500000000000001E+00
  0.1901666716299085E+00
  0.1075674470292876E+00
  0.6698729810778066E-01
  0.3546019020705882E-01
  0.5226775670334827E-02
  0.3749399456654644E-32
  0.0000000000000000E+00
  0.0000000000000000E+00
  0.0000000000000000E+00
  0.0000000000000000E+00
  0.0000000000000000E+00
  0.0000000000000000E+00
  0.0000000000000000E+00
  0.0000000000000000E+00
  0.0000000000000000E+00
  0.0000000000000000E+00
  0.0000000000000000E+00
  0.0000000000000000E+00
  0.0000000000000000E+00
  0.4379987028897814E-02
  0.3304277797876151E-01
  0.6352381782612433E-01
  0.1030127212737039E+00
  0.1837797683309537E+00
  0.2424589285214235E+00
  0.3063636173796495E+00
  0.4173576979251520E+00
  0.4883686220259962E+00
  0.5594257548219449E+00
  0.6706890024689129E+00
  0.7348779093655631E+00
  0.7939285006288385E+00
  0.8754727799450286E+00
  0.9155444536525459E+00
  0.9466806287906711E+00
  0.9765423553159748E+00
  0.9817051809268543E+00
  0.9765423553159748E+00
  0.9466806287906711E+00
  0.9155444536525459E+00
  0.8754727799450286E+00
  0.7939285006288389E+00
  0.7348779093655631E+00
  0.6706890024689126E+00
  0.5594257548219452E+00
  0.4883686220259962E+00
  0.4173576979251517E+00
  0.3063636173796496E+00
  0.2424589285214235E+00
  0.1837797683309537E+00
  0.1030127212737040E+00
  0.6352381782612433E-01
  0.3304277797876167E-01
  0.4379987028897785E-02
  0.0000000000000000E+00
  0.0000000000000000E+00
  0.0000000000000000E+00
  0.0000000000000000E+00
  0.0000000000000000E+00
  0.0000000000000000E+00
  0.0000000000000000E+00
  0.0000000000000000E+00
  0.0000000000000000E+00
  0.0000000000000000E+00
  0.0000000000000000E+00
  0.0000000000000000E+00
  0.0000000000000000E+00
  0.0000000000000000E+00
  0.9505235703140921E-03
  0.2073618571884744E-01
  0.4529357542715066E-01
  0.7859561563461953E-01
  0.1489615711056217E+00
  0.2010815623910168E+00
  0.2584154378122043E+00
  0.3589456592019788E+00
  0.4237129075831680E+00
  0.4887870085322586E+00
  0.5911045928989431E+00
  0.6503256569753645E+00
  0.7049117401484060E+00
  0.7804373792339615E+00
  0.8176075196456210E+00
  0.8465126460460437E+00
  0.8742529550231446E+00
  0.8790507650923723E+00
  0.8742529550231446E+00
  0.8465126460460437E+00
  0.8176075196456210E+00
  0.7804373792339615E+00
  0.7049117401484062E+00
  0.6503256569753645E+00
  0.5911045928989431E+00
  0.4887870085322588E+00
  0.4237129075831680E+00
  0.3589456592019786E+00
  0.2584154378122044E+00
  0.2010815623910168E+00
  0.1489615711056217E+00
  0.7859561563461966E-01
  0.4529357542715066E-01
  0.2073618571884751E-01
  0.9505235703140784E-03
  0.0000000000000000E+00
  0.0000000000000000E+00
  0.0000000000000000E+00
  0.0000000000000000E+00
  0.0000000000000000E+00
  0.0000000000000000E+00
  0.0000000000000000E+00
  0.0000000000000000E+00
  0.0000000000000000E+00
  0.0000000000000000E+00
  0.0000000000000000E+00
  0.0000000000000000E+00
  0.0000000000000000E+00
  0.0000000000000000E+00
  0.0000000000000000E+00
  0.1094589063589610E-01
  0.2955940793578574E-01
  0.5663965065100629E-01
  0.1165205859432390E+00
  0.1620152816233947E+00
  0.2127035974741985E+00
  0.3026359597734749E+00
  0.3610719827405002E+00
  0.4200744689186360E+00
  0.5133062544437137E+00
  0.5674780316614554E+00
  0.6175243817134718E+00
  0.6869271139161639E+00
  0.7211443451095007E+00
  0.7477784485647803E+00
  0.7733589611575969E+00
  0.7777851165098012E+00
  0.7733589611575969E+00
  0.7477784485647803E+00
  0.7211443451095007E+00
  0.6869271139161639E+00
  0.6175243817134720E+00
  0.5674780316614554E+00
  0.5133062544437137E+00
  0.4200744689186360E+00
  0.3610719827405002E+00
  0.3026359597734746E+00
  0.2127035974741986E+00
  0.1620152816233947E+00
  0.1165205859432389E+00
  0.5663965065100651E-01
  0.2955940793578574E-01
  0.1094589063589610E-01
  0.0000000000000000E+00
  0.0000000000000000E+00
  0.0000000000000000E+00
  0.0000000000000000E+00
  0.0000000000000000E+00
  0.0000000000000000E+00
  0.0000000000000000E+00
  0.0000000000000000E+00
  0.0000000000000000E+00
  0.0000000000000000E+00
  0.0000000000000000E+00
  0.0000000000000000E+00
  0.0000000000000000E+00
  0.0000000000000000E+00
  0.0000000000000000E+00
  0.0000000000000000E+00
  0.2911846258826732E-02
  0.1423080888845343E-01
  0.3365355018457902E-01
  0.8059019260798489E-01
  0.1178848108758253E+00
  0.1603345860189240E+00
  0.2371051799577932E+00
  0.2876663558963070E+00
  0.3391095453172847E+00
  0.4210172490110662E+00
  0.4688901732834432E+00
  0.5132701412136873E+00
  0.5750259422871172E+00
  0.6055535320418478E+00
  0.6293492708480709E+00
  0.6522298544953046E+00
  0.6561913541361919E+00
  0.6522298544953046E+00
  0.6293492708480709E+00
  0.6055535320418478E+00
  0.5750259422871172E+00
  0.5132701412136876E+00
  0.4688901732834432E+00
  0.4210172490110661E+00
  0.3391095453172848E+00
  0.2876663558963070E+00
  0.2371051799577930E+00
  0.1603345860189242E+00
  0.1178848108758253E+00
  0.8059019260798489E-01
  0.3365355018457910E-01
  0.1423080888845343E-01
  0.2911846258826756E-02
  0.0000000000000000E+00
  0.0000000000000000E+00
  0.0000000000000000E+00
  0.0000000000000000E+00
  0.0000000000000000E+00
  0.0000000000000000E+00
  0.0000000000000000E+00
  0.0000000000000000E+00
  0.0000000000000000E+00
  0.0000000000000000E+00
  0.0000000000000000E+00
  0.0000000000000000E+00
  0.0000000000000000E+00
  0.0000000000000000E+00
  0.0000000000000000E+00
  0.0000000000000000E+00
  0.0000000000000000E+00
  0.1481223465544580E-03
  0.5236421461342898E-02
  0.2779391380692699E-01
  0.4956736586830854E-01
  0.7637361493100799E-01
  0.1280652902663956E+00
  0.1635773912138913E+00
  0.2005473922911538E+00
  0.2607293132924647E+00
  0.2964966806595714E+00
  0.3299748934120751E+00
  0.3770020356407650E+00
  0.4004166614352903E+00
  0.4187378384726752E+00
  0.4364087489358314E+00
  0.4394734628504011E+00
  0.4364087489358314E+00
  0.4187378384726752E+00
  0.4004166614352903E+00
  0.3770020356407650E+00
  0.3299748934120752E+00
  0.2964966806595714E+00
  0.2607293132924646E+00
  0.2005473922911538E+00
  0.1635773912138913E+00
  0.1280652902663953E+00
  0.7637361493100799E-01
  0.4956736586830854E-01
  0.2779391380692691E-01
  0.5236421461342898E-02
  0.1481223465544580E-03
  0.0000000000000000E+00
  0.0000000000000000E+00
  0.0000000000000000E+00
  0.0000000000000000E+00
  0.0000000000000000E+00
  0.0000000000000000E+00
  0.0000000000000000E+00
  0.0000000000000000E+00
  0.0000000000000000E+00
  0.0000000000000000E+00
  0.0000000000000000E+00
  0.0000000000000000E+00
  0.0000000000000000E+00
  0.0000000000000000E+00
  0.0000000000000000E+00
  0.0000000000000000E+00
  0.0000000000000000E+00
  0.0000000000000000E+00
  0.0000000000000000E+00
  0.0000000000000000E+00
  0.6669404610792575E-02
  0.1821313902761750E-01
  0.3466298122684595E-01
  0.6967110901385988E-01
  0.9513123484074022E-01
  0.1224089091390921E+00
  0.1680007114391837E+00
  0.1956192854956396E+00
  0.2217482827937148E+00
  0.2588312900252618E+00
  0.2774377053960315E+00
  0.2920557200073998E+00
  0.3062007051068218E+00
  0.3086582838174552E+00
  0.3062007051068218E+00
  0.2920557200073998E+00
  0.2774377053960315E+00
  0.2588312900252618E+00
  0.2217482827937150E+00
  0.1956192854956396E+00
  0.1680007114391837E+00
  0.1224089091390922E+00
  0.9513123484074022E-01
  0.6967110901385988E-01
  0.3466298122684602E-01
  0.1821313902761750E-01
  0.6669404610792539E-02
  0.0000000000000000E+00
  0.0000000000000000E+00
  0.0000000000000000E+00
  0.0000000000000000E+00
  0.0000000000000000E+00
  0.0000000000000000E+00
  0.0000000000000000E+00
  0.0000000000000000E+00
  0.0000000000000000E+00
  0.0000000000000000E+00
  0.0000000000000000E+00
  0.0000000000000000E+00
  0.0000000000000000E+00
  0.0000000000000000E+00
  0.0000000000000000E+00
  0.0000000000000000E+00
  0.0000000000000000E+00
  0.0000000000000000E+00
  0.0000000000000000E+00
  0.0000000000000000E+00
  0.0000000000000000E+00
  0.0000000000000000E+00
  0.0000000000000000E+00
  0.1549509059039706E-02
  0.7708933188336663E-02
  0.2605218786643913E-01
  0.4142756941982607E-01
  0.5895436124474943E-01
  0.8982389617725615E-01
  0.1091992562057052E+00
  0.1278823653072280E+00
  0.1548742977102764E+00
  0.1685952009060910E+00
  0.1794478743438017E+00
  0.1900056602543034E+00
  0.1918453530993285E+00
  0.1900056602543034E+00
  0.1794478743438017E+00
  0.1685952009060910E+00
  0.1548742977102764E+00
  0.1278823653072282E+00
  0.1091992562057052E+00
  0.8982389617725615E-01
  0.5895436124474943E-01
  0.4142756941982607E-01
  0.2605218786643913E-01
  0.7708933188336702E-02
  0.1549509059039706E-02
  0.0000000000000000E+00
  0.0000000000000000E+00
  0.0000000000000000E+00
  0.0000000000000000E+00
  0.0000000000000000E+00
  0.0000000000000000E+00
  0.0000000000000000E+00
  0.0000000000000000E+00
  0.0000000000000000E+00
  0.0000000000000000E+00
  0.0000000000000000E+00
  0.0000000000000000E+00
  0.0000000000000000E+00
  0.0000000000000000E+00
  0.0000000000000000E+00
  0.0000000000000000E+00
  0.0000000000000000E+00
  0.0000000000000000E+00
  0.0000000000000000E+00
  0.0000000000000000E+00
  0.0000000000000000E+00
  0.0000000000000000E+00
  0.0000000000000000E+00
  0.0000000000000000E+00
  0.0000000000000000E+00
  0.0000000000000000E+00
  0.0000000000000000E+00
  0.4089025320809491E-03
  0.3086990559717721E-02
  0.1141299816814744E-01
  0.1810778754865391E-01
  0.2530445123483893E-01
  0.3668398461163341E-01
  0.4282872020324782E-01
  0.4783491149503131E-01
  0.5281701420916661E-01
  0.5369575021148350E-01
  0.5281701420916661E-01
  0.4783491149503131E-01
  0.4282872020324782E-01
  0.3668398461163341E-01
  0.2530445123483900E-01
  0.1810778754865391E-01
  0.1141299816814739E-01
  0.3086990559717746E-02
  0.4089025320809491E-03
  0.0000000000000000E+00
  0.0000000000000000E+00
  0.0000000000000000E+00
  0.0000000000000000E+00
  0.0000000000000000E+00
  0.0000000000000000E+00
  0.0000000000000000E+00
  0.0000000000000000E+00
  0.0000000000000000E+00
  0.0000000000000000E+00
  0.0000000000000000E+00
  0.0000000000000000E+00
  0.0000000000000000E+00
  0.0000000000000000E+00
  0.0000000000000000E+00
  0.0000000000000000E+00
  0.0000000000000000E+00
  0.0000000000000000E+00
  0.0000000000000000E+00
  0.0000000000000000E+00
  0.0000000000000000E+00
  0.0000000000000000E+00
  0.0000000000000000E+00
  0.0000000000000000E+00
  0.0000000000000000E+00
  0.0000000000000000E+00
  0.0000000000000000E+00
  0.0000000000000000E+00
  0.0000000000000000E+00
  0.0000000000000000E+00
  0.0000000000000000E+00
  0.0000000000000000E+00
  0.0000000000000000E+00
  0.6177850639779481E-04
  0.9355448117062737E-03
  0.3684558027010848E-02
  0.5627130676016577E-02
  0.7384612321859862E-02
  0.9263843623259577E-02
  0.9607359798384809E-02
  0.9263843623259577E-02
  0.7384612321859862E-02
  0.5627130676016577E-02
  0.3684558027010848E-02
  0.9355448117062737E-03
  0.6177850639779481E-04
  0.0000000000000000E+00
  0.0000000000000000E+00
  0.0000000000000000E+00
  0.0000000000000000E+00
  0.0000000000000000E+00
  0.0000000000000000E+00
  0.0000000000000000E+00
  0.0000000000000000E+00
  0.0000000000000000E+00
  0.0000000000000000E+00
  0.0000000000000000E+00
  0.0000000000000000E+00
  0.0000000000000000E+00
  0.0000000000000000E+00
  0.0000000000000000E+00
  0.0000000000000000E+00
  0.0000000000000000E+00
  0.0000000000000000E+00
  0.0000000000000000E+00
  0.0000000000000000E+00
  0.0000000000000000E+00
  0.0000000000000000E+00
  0.0000000000000000E+00
  0.0000000000000000E+00
  0.0000000000000000E+00
  0.0000000000000000E+00
  0.0000000000000000E+00
  0.0000000000000000E+00
  0.0000000000000000E+00
  0.0000000000000000E+00
  0.0000000000000000E+00
  0.0000000000000000E+00
  0.0000000000000000E+00
  0.0000000000000000E+00
  0.0000000000000000E+00
  0.0000000000000000E+00
  0.0000000000000000E+00
  0.0000000000000000E+00
  0.0000000000000000E+00
  0.0000000000000000E+00
  0.0000000000000000E+00
  0.0000000000000000E+00
  0.0000000000000000E+00
  0.0000000000000000E+00
  0.0000000000000000E+00
  0.0000000000000000E+00
  0.0000000000000000E+00
  0.0000000000000000E+00
  0.0000000000000000E+00
  0.0000000000000000E+00
  0.0000000000000000E+00
  0.0000000000000000E+00
  0.0000000000000000E+00
  0.0000000000000000E+00
  0.0000000000000000E+00
  0.0000000000000000E+00
  0.0000000000000000E+00
  0.0000000000000000E+00
  0.0000000000000000E+00
  0.0000000000000000E+00
  0.0000000000000000E+00
  0.0000000000000000E+00
  0.0000000000000000E+00
  0.0000000000000000E+00
  0.0000000000000000E+00
  0.0000000000000000E+00
  0.0000000000000000E+00
  0.0000000000000000E+00
  0.0000000000000000E+00
  0.0000000000000000E+00
  0.0000000000000000E+00
  0.0000000000000000E+00
  0.0000000000000000E+00
  0.0000000000000000E+00
  0.0000000000000000E+00
  0.0000000000000000E+00
  0.0000000000000000E+00
  0.0000000000000000E+00
  0.0000000000000000E+00
  0.0000000000000000E+00
  0.0000000000000000E+00
  0.0000000000000000E+00
  0.0000000000000000E+00
  0.0000000000000000E+00
  0.0000000000000000E+00
  0.0000000000000000E+00
  0.0000000000000000E+00
  0.0000000000000000E+00
  0.0000000000000000E+00
  0.0000000000000000E+00
  0.0000000000000000E+00
  0.0000000000000000E+00
  0.0000000000000000E+00
  0.0000000000000000E+00
  0.0000000000000000E+00
  0.0000000000000000E+00
  0.0000000000000000E+00
  0.0000000000000000E+00
  0.0000000000000000E+00
  0.0000000000000000E+00
  0.0000000000000000E+00
  0.0000000000000000E+00
  0.0000000000000000E+00
  0.0000000000000000E+00
  0.0000000000000000E+00
  0.0000000000000000E+00
  0.0000000000000000E+00
  0.0000000000000000E+00
  0.0000000000000000E+00
  0.0000000000000000E+00
  0.0000000000000000E+00
  0.0000000000000000E+00
  0.0000000000000000E+00
  0.0000000000000000E+00
  0.0000000000000000E+00
  0.0000000000000000E+00
  0.0000000000000000E+00
  0.0000000000000000E+00
  0.0000000000000000E+00
  0.0000000000000000E+00
  0.0000000000000000E+00
  0.0000000000000000E+00
  0.0000000000000000E+00
  0.0000000000000000E+00
  0.0000000000000000E+00
  0.0000000000000000E+00
  0.0000000000000000E+00
  0.0000000000000000E+00
  0.0000000000000000E+00
  0.0000000000000000E+00
  0.0000000000000000E+00
  0.0000000000000000E+00
  0.0000000000000000E+00
  0.0000000000000000E+00
  0.0000000000000000E+00
  0.0000000000000000E+00
  0.0000000000000000E+00
  0.0000000000000000E+00
  0.0000000000000000E+00
  0.0000000000000000E+00
  0.0000000000000000E+00
  0.0000000000000000E+00
  0.0000000000000000E+00
  0.0000000000000000E+00
  0.0000000000000000E+00
  0.0000000000000000E+00
  0.0000000000000000E+00
  0.0000000000000000E+00
  0.0000000000000000E+00
  0.0000000000000000E+00
  0.0000000000000000E+00
  0.0000000000000000E+00
  0.0000000000000000E+00
  0.0000000000000000E+00
  0.0000000000000000E+00
  0.0000000000000000E+00
  0.0000000000000000E+00
  0.0000000000000000E+00
  0.0000000000000000E+00
  0.0000000000000000E+00
  0.0000000000000000E+00
  0.0000000000000000E+00
  0.0000000000000000E+00
  0.0000000000000000E+00
  0.0000000000000000E+00
