  0.0000000000000000E+00
  0.1468404225440846E+03
  0.4467303021995968E+03
  0.8032696978004032E+03
  0.1103159577455915E+04
  0.1250000000000000E+04
  0.1396840422544085E+04
  0.1696730302199597E+04
  0.2053269697800403E+04
  0.2353159577455915E+04
  0.2500000000000000E+04
  0.2646840422544085E+04
  0.2946730302199597E+04
  0.3303269697800403E+04
  0.3603159577455915E+04
  0.3750000000000000E+04
  0.3896840422544085E+04
  0.4196730302199597E+04
  0.4553269697800403E+04
  0.4853159577455915E+04
  0.5000000000000000E+04
  0.5146840422544085E+04
  0.5446730302199597E+04
  0.5803269697800403E+04
  0.6103159577455915E+04
  0.6250000000000000E+04
  0.6396840422544085E+04
  0.6696730302199597E+04
  0.7053269697800403E+04
  0.7353159577455915E+04
  0.7500000000000000E+04
  0.7646840422544085E+04
  0.7946730302199597E+04
  0.8303269697800402E+04
  0.8603159577455915E+04
  0.8750000000000000E+04
  0.8896840422544085E+04
  0.9196730302199598E+04
  0.9553269697800402E+04
  0.9853159577455915E+04
  0.1000000000000000E+05
